   2085.1641        1819.1114        1585.9442        1228.7149        948.74712        604.23594        364.58617        227.43774        85.520905        17.890754        15.609370       -4.5483179        58.010182        23.070418        42.359764        38.543316        31.941919        23.808739        16.100300        11.247030        7.2944651        3.5444746        1.4866699       0.66621642        5.6875125       -7.1018508        16.208472       -5.9403620        11.947675        16.548874        15.382622        11.686202        9.3417701        6.2839572        2.2988772      -0.42096011       -59.100535        63.920158       -34.789331      -0.22874508       0.68941147        7.1621679        7.7046168        8.9241609        5.8701454        4.9053427        2.4809129       0.72490688    
   1819.1114        1635.6003        1416.8991        1095.2631        846.94927        539.51101        324.33779        196.28155        72.115011        15.201775        12.521495       -4.9238570        47.259225        17.682730        36.836746        34.107842        28.284705        21.230964        14.441146        10.050569        6.4543484        3.1512063        1.2900833       0.56865425       -5.8712402       -13.367041        10.525659       -7.2813051        9.7038940        14.493487        13.680579        10.604179        8.4395601        5.5608649        2.0299693      -0.39920439       -49.184282        53.861011       -30.033482       -4.2068757      -0.23031953        6.0657528        6.7548069        7.7449006        5.3561260        4.4132721        2.1690418       0.63334725    
   1585.9442        1416.8991        1257.0112        985.67710        771.76058        497.57721        308.29567        190.59689        72.856997        17.107804        11.216065       -4.1519332        39.994951        12.979622        31.439825        29.907932        25.339130        19.311938        13.465529        9.5256268        6.1978119        3.0478633        1.2562839       0.54231226       -7.4183393       -9.8440986        8.8281905       -7.6288280        7.8813113        12.571065        12.018830        9.4798392        7.7259929        5.2040166        1.9584104      -0.34634986       -61.502131        49.384241       -27.757786       -4.0755195      -0.94440161        4.9597291        5.8390800        6.8045073        4.7029000        4.0474991        2.0213751       0.59273795    
   1228.7149        1095.2631        985.67710        794.97680        631.78334        413.57396        264.08731        166.94931        66.143083        16.778738        7.5506159       -3.6789234        29.331610        9.8122221        24.155019        23.472244        20.429150        15.812501        11.288124        8.1202245        5.3444297        2.6462572        1.0747370       0.44572462       -11.723402       -4.7150151        7.3650627       -7.1026866        5.4935623        9.6824945        9.4973995        7.6250032        6.3777205        4.4120045        1.7225607      -0.25961813       -69.246087        41.988606       -23.282964       -2.7554311       -1.4395667        3.5971919        4.4883469        5.3846391        3.6995495        3.3398085        1.7069269       0.51473568    
   948.74712        846.94927        771.76058        631.78334        510.96876        338.26267        218.90492        138.43489        55.629783        14.937502        5.8823623       -3.0168304        20.426614        6.8108856        18.348012        18.257926        16.325233        12.766832        9.2518869        6.6897843        4.4045563        2.1869996       0.88823690       0.36570367       -11.048948       -2.4009810        5.7023924       -6.1844831        3.8012029        7.3933971        7.4604773        6.1308184        5.1929948        3.6123942        1.4196601      -0.21454810       -58.982848        32.501718       -19.266054       -2.1784711       -1.5287836        2.5567355        3.3829348        4.1931545        2.9462418        2.7145496        1.4029046       0.42742328    
   604.23594        539.51101        497.57721        413.57396        338.26267        228.21310        151.39392        97.180268        40.335073        11.886690        3.7639003       -2.2405584        12.076313        4.3026085        11.664031        11.774287        10.682577        8.4660721        6.2524841        4.5676737        3.0285934        1.5223719       0.61814577       0.24616165       -7.6431502      -0.41297231        3.7839161       -4.3381491        2.1722050        4.6259204        4.7946792        4.0208127        3.4641183        2.4484241       0.99749346      -0.12481414       -41.731567        21.043185       -12.793347       -1.3543363       -1.1819038        1.5226821        2.0792576        2.6803387        1.8942194        1.8086514       0.94794158       0.30083047    
   364.58617        324.33779        308.29567        264.08731        218.90492        151.39392        109.38848        73.509798        32.816015        10.647849        1.9574166       -1.2917433        6.8612497        2.5819731        7.0798836        7.1571201        6.7016604        5.4969747        4.3145292        3.2804659        2.2377466        1.1470675       0.45882983       0.17454252       -6.9692660       0.67383214        2.1607350       -3.3126154        1.0168902        2.7811159        2.8404929        2.4721245        2.2695031        1.7051016       0.76120900      -0.60544734E-01   -38.963453        13.643336       -9.2321037      -0.85538947       -1.0232338       0.86302250        1.2780563        1.5986131        1.0851029        1.1917108       0.65802266       0.22403816    
   227.43774        196.28155        190.59689        166.94931        138.43489        97.180268        73.509798        55.935006        27.065193        9.5175554        1.2657699      -0.78570139        5.1826258        3.4033917        4.9430338        4.3740705        4.2221479        3.4310696        2.7529689        2.2222077        1.6051106       0.83678669       0.33871192       0.12866135       -3.9538066        3.7234989        2.4650699       -1.4246645       0.88748029        1.7811719        1.7796263        1.3954188        1.3771472        1.1677472       0.57710698      -0.22082642E-02   -31.362615        10.660421       -6.2316259       0.78663344      -0.32323044       0.55365419       0.84741611        1.0982412       0.54591483       0.71292802       0.44120930       0.16107180    
   85.520905        72.115011        72.856997        66.143083        55.629783        40.335073        32.816015        27.065193        14.928647        6.3234565        1.1584674      -0.54237100E-01    1.7174018        1.6086778        2.0959265        1.6692760        1.6823464        1.3833240        1.1616061       0.98711346       0.75059473       0.41142065       0.17196346       0.62882051E-01   -2.4750140        2.0018417        1.2351797      -0.43842857       0.35758174       0.66733381       0.68587553       0.51369469       0.53736270       0.50565670       0.27795308       0.22552930E-01   -15.783671        3.9328555       -2.3555741       0.64484340      -0.78724104E-01   0.17982233       0.34009738       0.44736170       0.17112530       0.26770108       0.18194606       0.76109105E-01
   17.890754        15.201775        17.107804        16.778738        14.937502        11.886690        10.647849        9.5175554        6.3234565        4.4231334        1.5176225       0.49103332      -0.43054504       0.38595903       0.50458558       0.35249884       0.41511766       0.36325233       0.33735098       0.30421891       0.24510024       0.15474840       0.72733866E-01   0.26045601E-01   -1.5098590       0.69546940       0.21819835      -0.97681836E-01   0.41976776E-01   0.13100592       0.16530546       0.13227960       0.13989231       0.13971852       0.97337029E-01   0.27122395E-01   -4.4486774       0.23481332      -0.51660976       0.23027399      -0.43851023E-01  -0.15231317E-01   0.65360055E-01   0.10631542       0.28771620E-01   0.57286982E-01   0.34104123E-01   0.22698726E-01
   15.609370        12.521495        11.216065        7.5506159        5.8823623        3.7639003        1.9574166        1.2657699        1.1584674        1.5176225        2.3301118       0.98085247      -0.11284975       0.10926931E-02   0.31476482       0.24410274       0.21339883       0.13504983       0.77507663E-01   0.34997774E-01   0.22024975E-01   0.18662723E-01   0.23660658E-01   0.14864793E-01   0.48249766       -1.0223707       0.14297571       0.44677846E-01   0.11272404       0.10569407       0.10593503       0.83195295E-01   0.46014942E-01   0.17207828E-01  -0.67560323E-02   0.10323091E-01    1.4361333      -0.62763727      -0.31849547       0.10883822       0.26568888E-01   0.34832330E-01   0.44057195E-01   0.68038459E-01   0.49665903E-01   0.16650495E-01   0.22321822E-02  -0.90485909E-02
  -4.5483179       -4.9238570       -4.1519332       -3.6789234       -3.0168304       -2.2405584       -1.2917433      -0.78570139      -0.54237100E-01   0.49103332       0.98085247        1.2675692       0.27334190      -0.49033869E-01  -0.14971824      -0.12670987      -0.91327996E-01  -0.73855060E-01  -0.47751456E-01  -0.39493678E-01  -0.25531857E-01  -0.10196476E-01   0.37712242E-02   0.10822470E-01   0.32014627      -0.22053850      -0.53327943E-01   0.61520051E-02   0.56545349E-02  -0.34087540E-01  -0.58390144E-01  -0.47306953E-01  -0.38788061E-01  -0.32823775E-01  -0.17357536E-01  -0.23076172E-03  -0.13774685      -0.73661647      -0.42668484       0.69510528E-01   0.35725593E-01  -0.60930394E-02  -0.66094885E-02  -0.24770197E-01  -0.18281756E-01  -0.18839791E-01  -0.11108675E-01  -0.10478934E-01
   58.010182        47.259225        39.994951        29.331610        20.426614        12.076313        6.8612497        5.1826258        1.7174018      -0.43054504      -0.11284975       0.27334190        15.337519        1.9627674        1.5825088        1.2221379       0.71147108       0.46355415       0.26833078       0.17469360       0.11276456       0.36957415E-01   0.16862841E-01   0.22751199E-01    20.344622        2.7098570        1.5286667       0.62626317       0.62190549       0.46747456       0.36645613       0.17714294       0.15727893       0.10848357       0.24981776E-01  -0.24568504E-01    7.8926551        4.3345217      -0.32682667       0.90492220       0.35600811       0.37736541       0.25904694       0.24922068       0.11283348       0.11957526       0.80816241E-01   0.35615562E-01
   23.070418        17.682730        12.979622        9.8122221        6.8108856        4.3026085        2.5819731        3.4033917        1.6086778       0.38595903       0.10926931E-02  -0.49033869E-01    1.9627674        3.9250276        1.0543203       0.49000099       0.36635755       0.19477407       0.96372356E-01   0.77560815E-01   0.61391486E-01   0.23666503E-01   0.11100936E-01   0.10411671E-01    2.0321494        4.3324851        1.1461743       0.69484134       0.46513545       0.24184420       0.17014906       0.39856779E-01   0.36883523E-01   0.54376227E-01   0.32657649E-01   0.44394298E-02   -1.5334971        2.5694483      -0.15700058        1.0441293       0.49255785       0.21447742       0.11234981       0.12905570       0.12793545E-01   0.24060093E-01   0.30760836E-01   0.13458570E-01
   42.359764        36.836746        31.439825        24.155019        18.348012        11.664031        7.0798836        4.9430338        2.0959265       0.50458558       0.31476482      -0.14971824        1.5825088        1.0543203        1.4518692       0.86038604       0.68623399       0.48433238       0.30662669       0.21830728       0.14438707       0.69225376E-01   0.27641393E-01   0.12247648E-01    1.0601401       0.30713144       0.83831476       0.20478687       0.35290998       0.35863426       0.32147562       0.21840251       0.16902503       0.12292491       0.45833204E-01  -0.42846531E-02  -0.66604099       0.70418534      -0.50605313E-01   0.31464910       0.14446063       0.18821948       0.18057409       0.19694268       0.11269606       0.89737545E-01   0.54206902E-01   0.18630109E-01
   38.543316        34.107842        29.907932        23.472244        18.257926        11.774287        7.1571201        4.3740705        1.6692760       0.35249884       0.24410274      -0.12670987        1.2221379       0.49000099       0.86038604       0.83672424       0.64825383       0.48250582       0.32517511       0.22524881       0.14330180       0.70653162E-01   0.28861589E-01   0.12403889E-01   0.81870225      -0.39301177E-01   0.30191450      -0.37586285E-01   0.23215352       0.31742064       0.29907795       0.23128628       0.18261491       0.12119405       0.45352676E-01  -0.82200595E-02   -1.0996815        1.2236101      -0.51647707       0.17657462E-01   0.21079189E-01   0.13795774       0.14711309       0.16698336       0.11641110       0.94470636E-01   0.47249085E-01   0.14517443E-01
   31.941919        28.284705        25.339130        20.429150        16.325233        10.682577        6.7016604        4.2221479        1.6823464       0.41511766       0.21339883      -0.91327996E-01   0.71147108       0.36635755       0.68623399       0.64825383       0.57020482       0.42690047       0.29812909       0.21268669       0.13886328       0.68821947E-01   0.28020114E-01   0.11920792E-01  -0.72620538E-01  -0.22678935E-02   0.23071855      -0.11475590       0.17508953       0.26023507       0.25418588       0.20147384       0.16371867       0.11314820       0.43483134E-01  -0.75705211E-02   -1.6294509       0.99544414      -0.60630884       0.24253836E-02  -0.40670000E-02   0.99569152E-01   0.11908532       0.14293646       0.97786089E-01   0.83310427E-01   0.43400541E-01   0.12933706E-01
   23.808739        21.230964        19.311938        15.812501        12.766832        8.4660721        5.4969747        3.4310696        1.3833240       0.36325233       0.13504983      -0.73855060E-01   0.46355415       0.19477407       0.48433238       0.48250582       0.42690047       0.33646553       0.24193208       0.17463782       0.11420198       0.57679478E-01   0.23305919E-01   0.91266395E-02  -0.25170298      -0.70880968E-01   0.11274903      -0.14724857       0.10112060       0.18924415       0.19008974       0.15701688       0.13073673       0.89951903E-01   0.35526592E-01  -0.60322386E-02   -1.5339193       0.67997387      -0.46401081      -0.56058721E-01  -0.35249525E-01   0.68053143E-01   0.86388443E-01   0.10454258       0.74989719E-01   0.66967624E-01   0.34342673E-01   0.10154087E-01
   16.100300        14.441146        13.465529        11.288124        9.2518869        6.2524841        4.3145292        2.7529689        1.1616061       0.33735098       0.77507663E-01  -0.47751456E-01   0.26833078       0.96372356E-01   0.30662669       0.32517511       0.29812909       0.24193208       0.18574270       0.13844567       0.92337053E-01   0.47283283E-01   0.18896801E-01   0.72288424E-02  -0.31699563      -0.33941401E-01   0.58295797E-01  -0.14379940       0.50654242E-01   0.12497624       0.12645877       0.10963021       0.96238257E-01   0.68411688E-01   0.28643047E-01  -0.43255456E-02   -1.4623817       0.51219364      -0.38617265      -0.68251987E-01  -0.40101507E-01   0.40631752E-01   0.57555928E-01   0.68829719E-01   0.49843177E-01   0.49336580E-01   0.25677436E-01   0.76747281E-02
   11.247030        10.050569        9.5256268        8.1202245        6.6897843        4.5676737        3.2804659        2.2222077       0.98711346       0.30421891       0.34997774E-01  -0.39493678E-01   0.17469360       0.77560815E-01   0.21830728       0.22524881       0.21268669       0.17463782       0.13844567       0.10812648       0.74686672E-01   0.38880531E-01   0.15482681E-01   0.57842224E-02  -0.29102056       0.39330251E-01   0.48785816E-01  -0.10375629       0.33840371E-01   0.87913938E-01   0.87589365E-01   0.74463731E-01   0.68723724E-01   0.52004061E-01   0.23322302E-01  -0.29464319E-02   -1.3320534       0.40860046      -0.30119379      -0.36954198E-01  -0.29600037E-01   0.26356245E-01   0.41173076E-01   0.49094202E-01   0.31879402E-01   0.34761785E-01   0.19005149E-01   0.59252640E-02
   7.2944651        6.4543484        6.1978119        5.3444297        4.4045563        3.0285934        2.2377466        1.6051106       0.75059473       0.24510024       0.22024975E-01  -0.25531857E-01   0.11276456       0.61391486E-01   0.14438707       0.14330180       0.13886328       0.11420198       0.92337053E-01   0.74686672E-01   0.53718231E-01   0.28510531E-01   0.11491507E-01   0.43043163E-02  -0.23314352       0.60638226E-01   0.43103531E-01  -0.62224854E-01   0.24056279E-01   0.57369488E-01   0.56362876E-01   0.46252351E-01   0.44098623E-01   0.35714565E-01   0.16955328E-01  -0.16952825E-02   -1.0037878       0.29865413      -0.20999310      -0.87842823E-02  -0.16889068E-01   0.16045351E-01   0.27185778E-01   0.33113041E-01   0.18579548E-01   0.22008748E-01   0.12771773E-01   0.41562934E-02
   3.5444746        3.1512063        3.0478633        2.6462572        2.1869996        1.5223719        1.1470675       0.83678669       0.41142065       0.15474840       0.18662723E-01  -0.10196476E-01   0.36957415E-01   0.23666503E-01   0.69225376E-01   0.70653162E-01   0.68821947E-01   0.57679478E-01   0.47283283E-01   0.38880531E-01   0.28510531E-01   0.15987594E-01   0.66700807E-02   0.23708859E-02  -0.14868867       0.17759491E-01   0.16366947E-01  -0.31986208E-01   0.10485071E-01   0.27260676E-01   0.27723637E-01   0.23173093E-01   0.21898167E-01   0.17776467E-01   0.88331995E-02  -0.86511950E-03  -0.52221309       0.11051660      -0.96849946E-01  -0.81503230E-02  -0.99231567E-02   0.66228646E-02   0.12923734E-01   0.16158250E-01   0.89700710E-02   0.10468734E-01   0.60875081E-02   0.20959530E-02
   1.4866699        1.2900833        1.2562839        1.0747370       0.88823690       0.61814577       0.45882983       0.33871192       0.17196346       0.72733866E-01   0.23660658E-01   0.37712242E-02   0.16862841E-01   0.11100936E-01   0.27641393E-01   0.28861589E-01   0.28020114E-01   0.23305919E-01   0.18896801E-01   0.15482681E-01   0.11491507E-01   0.66700807E-02   0.32380064E-02   0.12524817E-02  -0.59338458E-01   0.68114164E-02   0.11109335E-01  -0.11378106E-01   0.53320386E-02   0.11093290E-01   0.11300788E-01   0.93247312E-02   0.86471569E-02   0.68973934E-02   0.32572012E-02  -0.39066006E-03  -0.20113173       0.42688518E-01  -0.36340359E-01  -0.68410105E-03  -0.23091377E-02   0.27244800E-02   0.50557112E-02   0.67796848E-02   0.36612067E-02   0.41191004E-02   0.23649682E-02   0.75768038E-03
  0.66621642       0.56865425       0.54231226       0.44572462       0.36570367       0.24616165       0.17454252       0.12866135       0.62882051E-01   0.26045601E-01   0.14864793E-01   0.10822470E-01   0.22751199E-01   0.10411671E-01   0.12247648E-01   0.12403889E-01   0.11920792E-01   0.91266395E-02   0.72288424E-02   0.57842224E-02   0.43043163E-02   0.23708859E-02   0.12524817E-02   0.81653792E-03   0.19958337E-02   0.88972764E-02   0.94556863E-02  -0.15694358E-02   0.37342434E-02   0.51452936E-02   0.45754734E-02   0.35555367E-02   0.32995404E-02   0.26917072E-02   0.12194784E-02  -0.35493961E-03  -0.79130109E-01   0.28131776E-01  -0.23598800E-01   0.55739021E-02   0.13080785E-02   0.16613575E-02   0.21606913E-02   0.29358685E-02   0.14653204E-02   0.16384530E-02   0.98374362E-03   0.31060846E-03
   5.6875125       -5.8712402       -7.4183393       -11.723402       -11.048948       -7.6431502       -6.9692660       -3.9538066       -2.4750140       -1.5098590       0.48249766       0.32014627        20.344622        2.0321494        1.0601401       0.81870225      -0.72620538E-01  -0.25170298      -0.31699563      -0.29102056      -0.23314352      -0.14868867      -0.59338458E-01   0.19958337E-02    86.510059        4.8145236        2.1080892        2.6865087       0.68133072       0.31455683E-01  -0.52869811E-01  -0.15890114      -0.15032875      -0.15183150      -0.11921411      -0.20365944E-01    64.716584      -0.51099944      -0.52044271        2.8169085       0.48851278       0.30609786       0.42105039E-01   0.11861295E-01  -0.59258191E-02  -0.31854666E-01   0.20677452E-01   0.12554520E-01
  -7.1018508       -13.367041       -9.8440986       -4.7150151       -2.4009810      -0.41297231       0.67383214        3.7234989        2.0018417       0.69546940       -1.0223707      -0.22053850        2.7098570        4.3324851       0.30713144      -0.39301177E-01  -0.22678935E-02  -0.70880968E-01  -0.33941401E-01   0.39330251E-01   0.60638226E-01   0.17759491E-01   0.68114164E-02   0.88972764E-02    4.8145236        19.049385        1.6165214       0.81872567       0.33399827       0.48876072E-01  -0.42603006E-01  -0.15618760      -0.70358677E-01   0.18452463E-01   0.37669762E-01   0.33980835E-02   -2.6857371        15.561715      -0.37179016        1.3773319       0.58455190       0.10503914      -0.35046343E-02   0.26356051E-01  -0.10755602      -0.28450356E-01   0.76344078E-02   0.13578836E-01
   16.208472        10.525659        8.8281905        7.3650627        5.7023924        3.7839161        2.1607350        2.4650699        1.2351797       0.21819835       0.14297571      -0.53327943E-01    1.5286667        1.1461743       0.83831476       0.30191450       0.23071855       0.11274903       0.58295797E-01   0.48785816E-01   0.43103531E-01   0.16366947E-01   0.11109335E-01   0.94556863E-02    2.1080892        1.6165214        3.3086880       0.50577193       0.27481588       0.10808629       0.79092550E-01   0.22472701E-01   0.28129135E-01   0.39562257E-01   0.15385929E-01  -0.19961103E-02  -0.27810891        1.9172858        1.6376324       0.77459401       0.28618815       0.10966358       0.66047552E-01   0.81040571E-01   0.12435557E-01   0.22124655E-01   0.20729800E-01   0.10474651E-01
  -5.9403620       -7.2813051       -7.6288280       -7.1026866       -6.1844831       -4.3381491       -3.3126154       -1.4246645      -0.43842857      -0.97681836E-01   0.44677846E-01   0.61520051E-02   0.62626317       0.69484134       0.20478687      -0.37586285E-01  -0.11475590      -0.14724857      -0.14379940      -0.10375629      -0.62224854E-01  -0.31986208E-01  -0.11378106E-01  -0.15694358E-02    2.6865087       0.81872567       0.50577193       0.86845293       0.14783207      -0.24423185E-01  -0.53502249E-01  -0.85968249E-01  -0.84115780E-01  -0.47061370E-01  -0.17153179E-01   0.49137155E-02    2.7431527      -0.14534617       0.45647736       0.75266405       0.22006495       0.37116934E-01  -0.88426421E-02  -0.10523211E-01  -0.38484607E-01  -0.44798982E-01  -0.16491817E-01  -0.15171497E-02
   11.947675        9.7038940        7.8813113        5.4935623        3.8012029        2.1722050        1.0168902       0.88748029       0.35758174       0.41976776E-01   0.11272404       0.56545349E-02   0.62190549       0.46513545       0.35290998       0.23215352       0.17508953       0.10112060       0.50654242E-01   0.33840371E-01   0.24056279E-01   0.10485071E-01   0.53320386E-02   0.37342434E-02   0.68133072       0.33399827       0.27481588       0.14783207       0.21127265       0.11294840       0.83794013E-01   0.42620785E-01   0.27737176E-01   0.22012165E-01   0.88355487E-02  -0.75527128E-03   0.31120222       0.52932233      -0.10791199       0.18182934       0.13692363       0.71935591E-01   0.55288539E-01   0.56038219E-01   0.22994460E-01   0.15396994E-01   0.93141247E-02   0.29147467E-02
   16.548874        14.493487        12.571065        9.6824945        7.3933971        4.6259204        2.7811159        1.7811719       0.66733381       0.13100592       0.10569407      -0.34087540E-01   0.46747456       0.24184420       0.35863426       0.31742064       0.26023507       0.18924415       0.12497624       0.87913938E-01   0.57369488E-01   0.27260676E-01   0.11093290E-01   0.51452936E-02   0.31455683E-01   0.48876072E-01   0.10808629      -0.24423185E-01   0.11294840       0.15335758       0.12783358       0.91920407E-01   0.72355709E-01   0.49747910E-01   0.18852699E-01  -0.27812759E-02  -0.59523271       0.65950218      -0.27226893       0.23728000E-01   0.19680986E-01   0.66638484E-01   0.68097811E-01   0.73902773E-01   0.45240999E-01   0.37581346E-01   0.19268375E-01   0.54721884E-02
   15.382622        13.680579        12.018830        9.4973995        7.4604773        4.7946792        2.8404929        1.7796263       0.68587553       0.16530546       0.10593503      -0.58390144E-01   0.36645613       0.17014906       0.32147562       0.29907795       0.25418588       0.19008974       0.12645877       0.87589365E-01   0.56362876E-01   0.27723637E-01   0.11300788E-01   0.45754734E-02  -0.52869811E-01  -0.42603006E-01   0.79092550E-01  -0.53502249E-01   0.83794013E-01   0.12783358       0.13014578       0.97091149E-01   0.75640292E-01   0.50076930E-01   0.18394695E-01  -0.27233597E-02  -0.50700913       0.42283624      -0.25038685      -0.10866045E-01  -0.37318318E-02   0.48666441E-01   0.60087284E-01   0.71455516E-01   0.47905909E-01   0.38183019E-01   0.18973672E-01   0.57371942E-02
   11.686202        10.604179        9.4798392        7.6250032        6.1308184        4.0208127        2.4721245        1.3954188       0.51369469       0.13227960       0.83195295E-01  -0.47306953E-01   0.17714294       0.39856779E-01   0.21840251       0.23128628       0.20147384       0.15701688       0.10963021       0.74463731E-01   0.46252351E-01   0.23173093E-01   0.93247312E-02   0.35555367E-02  -0.15890114      -0.15618760       0.22472701E-01  -0.85968249E-01   0.42620785E-01   0.91920407E-01   0.97091149E-01   0.83866105E-01   0.65765565E-01   0.41349574E-01   0.14728979E-01  -0.29444689E-02  -0.42541121       0.22520099      -0.19826112      -0.68194601E-01  -0.25610983E-01   0.30912977E-01   0.41728162E-01   0.50527984E-01   0.41107257E-01   0.33077762E-01   0.15460973E-01   0.45241523E-02
   9.3417701        8.4395601        7.7259929        6.3777205        5.1929948        3.4641183        2.2695031        1.3771472       0.53736270       0.13989231       0.46014942E-01  -0.38788061E-01   0.15727893       0.36883523E-01   0.16902503       0.18261491       0.16371867       0.13073673       0.96238257E-01   0.68723724E-01   0.44098623E-01   0.21898167E-01   0.86471569E-02   0.32995404E-02  -0.15032875      -0.70358677E-01   0.28129135E-01  -0.84115780E-01   0.27737176E-01   0.72355709E-01   0.75640292E-01   0.65765565E-01   0.56245844E-01   0.37956137E-01   0.14851308E-01  -0.21362233E-02  -0.61935113       0.25261383      -0.19925890      -0.51330343E-01  -0.25924119E-01   0.22373427E-01   0.32816810E-01   0.40284974E-01   0.30927824E-01   0.28433867E-01   0.14051751E-01   0.42129506E-02
   6.2839572        5.5608649        5.2040166        4.4120045        3.6123942        2.4484241        1.7051016        1.1677472       0.50565670       0.13971852       0.17207828E-01  -0.32823775E-01   0.10848357       0.54376227E-01   0.12292491       0.12119405       0.11314820       0.89951903E-01   0.68411688E-01   0.52004061E-01   0.35714565E-01   0.17776467E-01   0.68973934E-02   0.26917072E-02  -0.15183150       0.18452463E-01   0.39562257E-01  -0.47061370E-01   0.22012165E-01   0.49747910E-01   0.50076930E-01   0.41349574E-01   0.37956137E-01   0.29633517E-01   0.13305919E-01  -0.67278897E-03  -0.62525721       0.22989094      -0.15868580      -0.50995922E-02  -0.12315193E-01   0.14673494E-01   0.22799208E-01   0.28969981E-01   0.17783235E-01   0.18898915E-01   0.10494024E-01   0.33590901E-02
   2.2988772        2.0299693        1.9584104        1.7225607        1.4196601       0.99749346       0.76120900       0.57710698       0.27795308       0.97337029E-01  -0.67560323E-02  -0.17357536E-01   0.24981776E-01   0.32657649E-01   0.45833204E-01   0.45352676E-01   0.43483134E-01   0.35526592E-01   0.28643047E-01   0.23322302E-01   0.16955328E-01   0.88331995E-02   0.32572012E-02   0.12194784E-02  -0.11921411       0.37669762E-01   0.15385929E-01  -0.17153179E-01   0.88355487E-02   0.18852699E-01   0.18394695E-01   0.14728979E-01   0.14851308E-01   0.13305919E-01   0.77337626E-02   0.54602093E-03  -0.37395483       0.10637041      -0.64726596E-01   0.36530918E-02  -0.31790906E-02   0.45491245E-02   0.86580297E-02   0.11181178E-01   0.51119282E-02   0.69872305E-02   0.39796301E-02   0.15379665E-02
 -0.42096011      -0.39920439      -0.34634986      -0.25961813      -0.21454810      -0.12481414      -0.60544734E-01  -0.22082642E-02   0.22552930E-01   0.27122395E-01   0.10323091E-01  -0.23076172E-03  -0.24568504E-01   0.44394298E-02  -0.42846531E-02  -0.82200595E-02  -0.75705211E-02  -0.60322386E-02  -0.43255456E-02  -0.29464319E-02  -0.16952825E-02  -0.86511950E-03  -0.39066006E-03  -0.35493961E-03  -0.20365944E-01   0.33980835E-02  -0.19961103E-02   0.49137155E-02  -0.75527128E-03  -0.27812759E-02  -0.27233597E-02  -0.29444689E-02  -0.21362233E-02  -0.67278897E-03   0.54602093E-03   0.15250564E-02   0.16475162E-01  -0.63338074E-04   0.19318031E-01   0.52719233E-02   0.12460636E-02  -0.10959687E-02  -0.12483336E-02  -0.10555908E-02  -0.17927314E-02  -0.12129057E-02  -0.67939267E-03  -0.32620997E-03
  -59.100535       -49.184282       -61.502131       -69.246087       -58.982848       -41.731567       -38.963453       -31.362615       -15.783671       -4.4486774        1.4361333      -0.13774685        7.8926551       -1.5334971      -0.66604099       -1.0996815       -1.6294509       -1.5339193       -1.4623817       -1.3320534       -1.0037878      -0.52221309      -0.20113173      -0.79130109E-01    64.716584       -2.6857371      -0.27810891        2.7431527       0.31120222      -0.59523271      -0.50700913      -0.42541121      -0.61935113      -0.62525721      -0.37395483       0.16475162E-01    189.70444       -5.5738064        4.4359500        1.3960583       0.36088475      -0.90219857E-01  -0.42413245      -0.35849079      -0.29178744E-01  -0.32805145      -0.22630577      -0.75517542E-01
   63.920158        53.861011        49.384241        41.988606        32.501718        21.043185        13.643336        10.660421        3.9328555       0.23481332      -0.62763727      -0.73661647        4.3345217        2.5694483       0.70418534        1.2236101       0.99544414       0.67997387       0.51219364       0.40860046       0.29865413       0.11051660       0.42688518E-01   0.28131776E-01  -0.51099944        15.561715        1.9172858      -0.14534617       0.52932233       0.65950218       0.42283624       0.22520099       0.25261383       0.22989094       0.10637041      -0.63338074E-04   -5.5738064        42.677722       -1.1969192       0.96305127       0.14051718       0.26437106       0.20616302       0.31479906       0.10344014       0.18176354       0.91310843E-01   0.36399833E-01
  -34.789331       -30.033482       -27.757786       -23.282964       -19.266054       -12.793347       -9.2321037       -6.2316259       -2.3555741      -0.51660976      -0.31849547      -0.42668484      -0.32682667      -0.15700058      -0.50605313E-01  -0.51647707      -0.60630884      -0.46401081      -0.38617265      -0.30119379      -0.20999310      -0.96849946E-01  -0.36340359E-01  -0.23598800E-01  -0.52044271      -0.37179016        1.6376324       0.45647736      -0.10791199      -0.27226893      -0.25038685      -0.19826112      -0.19925890      -0.15868580      -0.64726596E-01   0.19318031E-01    4.4359500       -1.1969192        6.4146940      -0.31343090E-02   0.11165937      -0.42394674E-01  -0.11476008      -0.15246645      -0.82238551E-01  -0.10420756      -0.64584371E-01  -0.13974311E-01
 -0.22874508       -4.2068757       -4.0755195       -2.7554311       -2.1784711       -1.3543363      -0.85538947       0.78663344       0.64484340       0.23027399       0.10883822       0.69510528E-01   0.90492220        1.0441293       0.31464910       0.17657462E-01   0.24253836E-02  -0.56058721E-01  -0.68251987E-01  -0.36954198E-01  -0.87842823E-02  -0.81503230E-02  -0.68410105E-03   0.55739021E-02    2.8169085        1.3773319       0.77459401       0.75266405       0.18182934       0.23728000E-01  -0.10866045E-01  -0.68194601E-01  -0.51330343E-01  -0.50995922E-02   0.36530918E-02   0.52719233E-02    1.3960583       0.96305127      -0.31343090E-02    1.4791898       0.23135798       0.42071738E-01   0.69898889E-02   0.30126158E-01  -0.35112232E-01  -0.24452562E-01   0.29822055E-02   0.40799421E-02
  0.68941147      -0.23031953      -0.94440161       -1.4395667       -1.5287836       -1.1819038       -1.0232338      -0.32323044      -0.78724104E-01  -0.43851023E-01   0.26568888E-01   0.35725593E-01   0.35600811       0.49255785       0.14446063       0.21079189E-01  -0.40670000E-02  -0.35249525E-01  -0.40101507E-01  -0.29600037E-01  -0.16889068E-01  -0.99231567E-02  -0.23091377E-02   0.13080785E-02   0.48851278       0.58455190       0.28618815       0.22006495       0.13692363       0.19680986E-01  -0.37318318E-02  -0.25610983E-01  -0.25924119E-01  -0.12315193E-01  -0.31790906E-02   0.12460636E-02   0.36088475       0.14051718       0.11165937       0.23135798       0.23999607       0.34792984E-01   0.83691913E-02   0.70761024E-02  -0.12904685E-01  -0.12628689E-01  -0.38167324E-02  -0.61979981E-03
   7.1621679        6.0657528        4.9597291        3.5971919        2.5567355        1.5226821       0.86302250       0.55365419       0.17982233      -0.15231317E-01   0.34832330E-01  -0.60930394E-02   0.37736541       0.21447742       0.18821948       0.13795774       0.99569152E-01   0.68053143E-01   0.40631752E-01   0.26356245E-01   0.16045351E-01   0.66228646E-02   0.27244800E-02   0.16613575E-02   0.30609786       0.10503914       0.10966358       0.37116934E-01   0.71935591E-01   0.66638484E-01   0.48666441E-01   0.30912977E-01   0.22373427E-01   0.14673494E-01   0.45491245E-02  -0.10959687E-02  -0.90219857E-01   0.26437106      -0.42394674E-01   0.42071738E-01   0.34792984E-01   0.56135150E-01   0.31914133E-01   0.30348422E-01   0.16881603E-01   0.13886361E-01   0.76810619E-02   0.20956860E-02
   7.7046168        6.7548069        5.8390800        4.4883469        3.3829348        2.0792576        1.2780563       0.84741611       0.34009738       0.65360055E-01   0.44057195E-01  -0.66094885E-02   0.25904694       0.11234981       0.18057409       0.14711309       0.11908532       0.86388443E-01   0.57555928E-01   0.41173076E-01   0.27185778E-01   0.12923734E-01   0.50557112E-02   0.21606913E-02   0.42105039E-01  -0.35046343E-02   0.66047552E-01  -0.88426421E-02   0.55288539E-01   0.68097811E-01   0.60087284E-01   0.41728162E-01   0.32816810E-01   0.22799208E-01   0.86580297E-02  -0.12483336E-02  -0.42413245       0.20616302      -0.11476008       0.69898889E-02   0.83691913E-02   0.31914133E-01   0.39034063E-01   0.34732595E-01   0.20788731E-01   0.17380784E-01   0.89344862E-02   0.26895199E-02
   8.9241609        7.7449006        6.8045073        5.3846391        4.1931545        2.6803387        1.5986131        1.0982412       0.44736170       0.10631542       0.68038459E-01  -0.24770197E-01   0.24922068       0.12905570       0.19694268       0.16698336       0.14293646       0.10454258       0.68829719E-01   0.49094202E-01   0.33113041E-01   0.16158250E-01   0.67796848E-02   0.29358685E-02   0.11861295E-01   0.26356051E-01   0.81040571E-01  -0.10523211E-01   0.56038219E-01   0.73902773E-01   0.71455516E-01   0.50527984E-01   0.40284974E-01   0.28969981E-01   0.11181178E-01  -0.10555908E-02  -0.35849079       0.31479906      -0.15246645       0.30126158E-01   0.70761024E-02   0.30348422E-01   0.34732595E-01   0.43956444E-01   0.25116972E-01   0.20960802E-01   0.11499724E-01   0.33981612E-02
   5.8701454        5.3561260        4.7029000        3.6995495        2.9462418        1.8942194        1.0851029       0.54591483       0.17112530       0.28771620E-01   0.49665903E-01  -0.18281756E-01   0.11283348       0.12793545E-01   0.11269606       0.11641110       0.97786089E-01   0.74989719E-01   0.49843177E-01   0.31879402E-01   0.18579548E-01   0.89700710E-02   0.36612067E-02   0.14653204E-02  -0.59258191E-02  -0.10755602       0.12435557E-01  -0.38484607E-01   0.22994460E-01   0.45240999E-01   0.47905909E-01   0.41107257E-01   0.30927824E-01   0.17783235E-01   0.51119282E-02  -0.17927314E-02  -0.29178744E-01   0.10344014      -0.82238551E-01  -0.35112232E-01  -0.12904685E-01   0.16881603E-01   0.20788731E-01   0.25116972E-01   0.22580600E-01   0.16638556E-01   0.75560840E-02   0.21159585E-02
   4.9053427        4.4132721        4.0474991        3.3398085        2.7145496        1.8086514        1.1917108       0.71292802       0.26770108       0.57286982E-01   0.16650495E-01  -0.18839791E-01   0.11957526       0.24060093E-01   0.89737545E-01   0.94470636E-01   0.83310427E-01   0.66967624E-01   0.49336580E-01   0.34761785E-01   0.22008748E-01   0.10468734E-01   0.41191004E-02   0.16384530E-02  -0.31854666E-01  -0.28450356E-01   0.22124655E-01  -0.44798982E-01   0.15396994E-01   0.37581346E-01   0.38183019E-01   0.33077762E-01   0.28433867E-01   0.18898915E-01   0.69872305E-02  -0.12129057E-02  -0.32805145       0.18176354      -0.10420756      -0.24452562E-01  -0.12628689E-01   0.13886361E-01   0.17380784E-01   0.20960802E-01   0.16638556E-01   0.16365475E-01   0.82565199E-02   0.24492617E-02
   2.4809129        2.1690418        2.0213751        1.7069269        1.4029046       0.94794158       0.65802266       0.44120930       0.18194606       0.34104123E-01   0.22321822E-02  -0.11108675E-01   0.80816241E-01   0.30760836E-01   0.54206902E-01   0.47249085E-01   0.43400541E-01   0.34342673E-01   0.25677436E-01   0.19005149E-01   0.12771773E-01   0.60875081E-02   0.23649682E-02   0.98374362E-03   0.20677452E-01   0.76344078E-02   0.20729800E-01  -0.16491817E-01   0.93141247E-02   0.19268375E-01   0.18973672E-01   0.15460973E-01   0.14051751E-01   0.10494024E-01   0.39796301E-02  -0.67939267E-03  -0.22630577       0.91310843E-01  -0.64584371E-01   0.29822055E-02  -0.38167324E-02   0.76810619E-02   0.89344862E-02   0.11499724E-01   0.75560840E-02   0.82565199E-02   0.53402592E-02   0.16757879E-02
  0.72490688       0.63334725       0.59273795       0.51473568       0.42742328       0.30083047       0.22403816       0.16107180       0.76109105E-01   0.22698726E-01  -0.90485909E-02  -0.10478934E-01   0.35615562E-01   0.13458570E-01   0.18630109E-01   0.14517443E-01   0.12933706E-01   0.10154087E-01   0.76747281E-02   0.59252640E-02   0.41562934E-02   0.20959530E-02   0.75768038E-03   0.31060846E-03   0.12554520E-01   0.13578836E-01   0.10474651E-01  -0.15171497E-02   0.29147467E-02   0.54721884E-02   0.57371942E-02   0.45241523E-02   0.42129506E-02   0.33590901E-02   0.15379665E-02  -0.32620997E-03  -0.75517542E-01   0.36399833E-01  -0.13974311E-01   0.40799421E-02  -0.61979981E-03   0.20956860E-02   0.26895199E-02   0.33981612E-02   0.21159585E-02   0.24492617E-02   0.16757879E-02   0.11402598E-02
