   127.50274        75.575666        61.015628        48.620430        37.954567        26.259123        21.166326        16.946411        12.518484        8.8887017        5.1616940        2.5223093        9.5040201        5.0130011        2.6033076        2.5405999        1.5678870        1.0636272       0.69502190       0.47333560       0.33285290       0.23001662       0.13561554       0.64700942E-01    33.234492        5.6649080        2.7545243        2.4317348        1.2581792        1.0904342       0.68328792       0.47690630       0.26804788       0.15651662       0.80031830E-01   0.45017153E-01    24.230653        5.2229713      -0.83168261        2.0764513        1.2570616       0.70365811       0.42584023       0.34659148       0.21539709       0.12885001       0.61806151E-01   0.33465777E-01
   75.575666        83.944384        61.785162        50.838154        41.261094        28.403249        23.036697        17.989317        13.552922        9.1169751        4.5236665        1.7153335        1.2813191        2.2999310        1.2649277        1.9574516        1.2200607       0.97893136       0.66711665       0.47788782       0.35298095       0.24371253       0.13328736       0.53040135E-01    27.130802        1.3748773      -0.62683962E-01    1.6560466       0.43062834       0.91848450       0.67106771       0.50705268       0.30289491       0.19789674       0.11764030       0.65854299E-01    18.354317       0.32494726E-01   -3.6709048       0.44093903       0.36590450       0.29335402       0.44398625       0.34869275       0.21836182       0.13858500       0.69975415E-01   0.39600485E-01
   61.015628        61.785162        62.618108        47.367287        37.834607        25.779603        21.300024        16.343288        12.240145        8.3601330        4.2019027        1.6783041      -0.62693089       0.49345245        1.3909968        1.6267195        1.0049993       0.81085273       0.55854067       0.41345786       0.30549213       0.21207660       0.11882664       0.50538657E-01    15.845934       -2.0920785       -1.8322111       0.79555770       0.36681341       0.78657944       0.57641279       0.46100545       0.28662949       0.18493819       0.10910983       0.59343992E-01    16.898317       -5.5498054       -4.3965125      -0.39938880      -0.25252612       0.15243362       0.35327163       0.32416997       0.20296704       0.12240655       0.60855330E-01   0.37944392E-01
   48.620430        50.838154        47.367287        41.782311        33.667336        23.771020        19.403233        14.907278        11.345069        7.9500235        4.1365232        1.8432664      -0.47953677       0.18004836       0.61266926        1.2586941       0.85065462       0.71241476       0.51116490       0.38477826       0.29309527       0.20756155       0.11942981       0.51534935E-01    11.378150       -2.8152536       -1.1581101       0.15292475       0.43644440E-01   0.56548902       0.46732135       0.39611924       0.24345159       0.15981990       0.91372753E-01   0.46619198E-01    9.5508163       -3.7312897       -3.3672023      -0.66498032      -0.33274931      -0.17718341E-01   0.25344200       0.25160720       0.17259859       0.10792173       0.55005777E-01   0.33465888E-01
   37.954567        41.261094        37.834607        33.667336        29.724659        21.221901        17.347616        13.205402        10.109613        7.0270360        3.5526876        1.5998893       -1.3120320       0.10377669       0.21367197       0.91834211       0.70185315       0.63167038       0.45960438       0.34263276       0.26098836       0.18524504       0.10540690       0.45437121E-01    8.4397331       -1.9753543       -1.2151502      -0.13179481      -0.11225992       0.42314891       0.37197948       0.33486984       0.20925041       0.13843327       0.82341080E-01   0.41143596E-01    8.0747196       -3.3588707       -3.1539059      -0.73456616      -0.15243873      -0.10528146       0.17698060       0.19792814       0.14700012       0.95220904E-01   0.49365090E-01   0.29563771E-01
   26.259123        28.403249        25.779603        23.771020        21.221901        16.089346        13.007389        9.9156288        7.6958571        5.3688340        2.7522912        1.2724156      -0.99935729      -0.64235181E-02   0.14795275E-01   0.64787325       0.50098511       0.46454815       0.34774562       0.25962526       0.19921403       0.13967384       0.79495274E-01   0.34254564E-01    3.9736373       -1.5512432      -0.83099867      -0.17167516      -0.11741100       0.26925510       0.25802992       0.23765798       0.15039755       0.10297673       0.61738709E-01   0.32193571E-01    1.9919606       -2.2463345       -2.3347770      -0.44142872      -0.11029773      -0.88621828E-01   0.99410198E-01   0.12839176       0.10289099       0.67993987E-01   0.35567331E-01   0.21072734E-01
   21.166326        23.036697        21.300024        19.403233        17.347616        13.007389        11.231473        8.5372791        6.5980570        4.5884802        2.3261761        1.0775628      -0.71012410      -0.63763332E-01   0.26082982E-01   0.49489806       0.40248902       0.35984171       0.27792890       0.21098726       0.16216228       0.11375332       0.65587941E-01   0.29322046E-01    4.5784973       -1.3325139      -0.85249134      -0.16607075      -0.47614489E-01   0.22529128       0.19184458       0.18943821       0.12341019       0.85765558E-01   0.53456894E-01   0.28179592E-01    3.4341616       -2.4042746       -1.9995291      -0.39498782      -0.75981136E-01  -0.72363621E-01   0.90212354E-01   0.98836869E-01   0.81268419E-01   0.55563646E-01   0.30847226E-01   0.20002958E-01
   16.946411        17.989317        16.343288        14.907278        13.205402        9.9156288        8.5372791        6.8280589        5.3701858        3.8187714        1.9703522       0.92148128      -0.40551431       0.29544563E-01   0.76263270E-01   0.39019839       0.30882727       0.28178706       0.21114947       0.16323049       0.12755777       0.90476879E-01   0.52723176E-01   0.24376694E-01    5.3407691      -0.58808184      -0.59933183      -0.11387340      -0.15858218E-01   0.18799702       0.15219062       0.14026198       0.90480307E-01   0.63989647E-01   0.41400423E-01   0.23100764E-01    4.2402796       -1.8308822       -1.3534510      -0.26883765      -0.47457290E-01  -0.51153692E-01   0.75584025E-01   0.76312567E-01   0.59217483E-01   0.40103989E-01   0.23229188E-01   0.16017323E-01
   12.518484        13.552922        12.240145        11.345069        10.109613        7.6958571        6.5980570        5.3701858        4.6463818        3.4847290        1.8851751       0.92429023      -0.12793885      -0.47881354E-01   0.64975140E-02   0.25407777       0.22162487       0.21332659       0.16233823       0.12711806       0.10413572       0.77597205E-01   0.47057562E-01   0.22292322E-01    4.9822885      -0.32947684      -0.33959473      -0.19986180      -0.42717805E-01   0.15321840       0.10770566       0.10893596       0.65310041E-01   0.47696754E-01   0.32854306E-01   0.19848988E-01    4.0139217       -1.5276001      -0.97163292      -0.32905050      -0.61282172E-01  -0.49920546E-01   0.50950914E-01   0.57766606E-01   0.45961981E-01   0.26266507E-01   0.14804709E-01   0.11057402E-01
   8.8887017        9.1169751        8.3601330        7.9500235        7.0270360        5.3688340        4.5884802        3.8187714        3.4847290        2.9451614        1.7663563       0.95711535       0.19848546      -0.15977548      -0.50358725E-01   0.14400659       0.13442774       0.14207557       0.11260752       0.90045064E-01   0.76793320E-01   0.61469851E-01   0.40209921E-01   0.20458799E-01    5.0909927      -0.20930549      -0.17413021      -0.19863185      -0.35561170E-01   0.11643255       0.71612317E-01   0.75033227E-01   0.42798082E-01   0.27210547E-01   0.19671639E-01   0.13281030E-01    4.4031074       -1.0956126      -0.39751692      -0.30034046      -0.43182127E-01  -0.35832949E-01   0.34776572E-01   0.39532324E-01   0.32660955E-01   0.16481564E-01   0.63299536E-02   0.62052856E-02
   5.1616940        4.5236665        4.2019027        4.1365232        3.5526876        2.7522912        2.3261761        1.9703522        1.8851751        1.7663563        1.3800280       0.87218968       0.71696053      -0.25244138       0.25748221E-01   0.68360084E-01   0.71213004E-01   0.71528547E-01   0.62310453E-01   0.52524896E-01   0.45874941E-01   0.38285509E-01   0.28270977E-01   0.16313533E-01    3.6117209      -0.42291759       0.94392302E-02  -0.75639244E-01  -0.24853548E-02   0.74868160E-01   0.40424945E-01   0.38144647E-01   0.21069664E-01   0.10286140E-01   0.40981427E-02   0.34416794E-02    2.8914862       -1.0015962       0.98917085E-01  -0.10420337      -0.21687648E-01  -0.70706781E-02   0.19753899E-01   0.23045897E-01   0.17363722E-01   0.67835689E-02   0.36295388E-03   0.28191081E-03
   2.5223093        1.7153335        1.6783041        1.8432664        1.5998893        1.2724156        1.0775628       0.92148128       0.92429023       0.95711535       0.87218968       0.79952358       0.24935813      -0.17126422       0.10126769E-01   0.21549415E-01   0.33809161E-01   0.36354207E-01   0.33676562E-01   0.29094393E-01   0.26224245E-01   0.22627299E-01   0.17828955E-01   0.12548437E-01    1.1542331      -0.27376717       0.14378474E-01  -0.66353231E-02   0.81722515E-02   0.37760864E-01   0.17209874E-01   0.15634238E-01   0.65435609E-02   0.10830737E-02  -0.19097664E-02  -0.34898880E-02   0.57846467      -0.27492618       0.60897079E-01  -0.58332898E-01  -0.29042013E-02   0.28396071E-02   0.70846971E-02   0.94234139E-02   0.66923192E-02   0.18238253E-02  -0.81233523E-03  -0.40535908E-03
   9.5040201        1.2813191      -0.62693089      -0.47953677       -1.3120320      -0.99935729      -0.71012410      -0.40551431      -0.12793885       0.19848546       0.71696053       0.24935813        33.775202      -0.43114109       0.82536743       0.39200098       0.15085065       0.31294839E-01   0.24776215E-01   0.30923831E-01   0.29690568E-01   0.15023835E-01   0.14625898E-01   0.88901604E-02    77.083987       -1.0382367        1.2629446       0.49422482       0.32871946       0.58133430E-01   0.29883105E-01  -0.10481432E-01  -0.18081885E-01  -0.19432417E-01  -0.25893461E-01  -0.15104652E-01    74.099423       -5.5989283       0.22185316       0.45630016E-01   0.38069235       0.62756898E-01   0.97544630E-01   0.33256923E-01  -0.12336678E-01  -0.14391992E-01  -0.40858838E-02  -0.53867153E-02
   5.0130011        2.2999310       0.49345245       0.18004836       0.10377669      -0.64235181E-02  -0.63763332E-01   0.29544563E-01  -0.47881354E-01  -0.15977548      -0.25244138      -0.17126422      -0.43114109        4.4828913       0.11338744       0.20298500       0.85128762E-01   0.50567428E-01   0.20721038E-01   0.66213871E-02   0.58976129E-03  -0.24819549E-02  -0.42959508E-02  -0.30342633E-02   -1.3421732        7.3815998       0.15745965       0.33298989       0.70889408E-01   0.30381969E-01   0.16266538E-01   0.56805287E-03  -0.31117104E-02  -0.18494800E-02   0.48799933E-03   0.46252035E-03   -3.6623155        9.0422206      -0.24906860       0.21077533       0.18331051       0.77500715E-01   0.23572400E-01   0.40122350E-03   0.32320016E-02   0.11801127E-02   0.19424150E-02   0.15561357E-02
   2.6033076        1.2649277        1.3909968       0.61266926       0.21367197       0.14795275E-01   0.26082982E-01   0.76263270E-01   0.64975140E-02  -0.50358725E-01   0.25748221E-01   0.10126769E-01   0.82536743       0.11338744       0.85204493       0.98467959E-01   0.71983751E-01   0.31901805E-01   0.15013592E-01   0.39762372E-02  -0.75743313E-03  -0.22517952E-02  -0.14758524E-02   0.17724098E-03    2.3849435       0.10578387       0.93228337       0.10557214       0.12977736       0.54066783E-01   0.20516113E-01   0.73451792E-02   0.19919931E-02   0.18371786E-02  -0.29056894E-04  -0.91073404E-04    3.6445253      -0.12139331        1.0125135       0.94240479E-01   0.36534856E-01   0.54971740E-01   0.19793376E-01   0.10720952E-01   0.18426449E-02   0.68116355E-03   0.10612303E-02   0.10059115E-02
   2.5405999        1.9574516        1.6267195        1.2586941       0.91834211       0.64787325       0.49489806       0.39019839       0.25407777       0.14400659       0.68360084E-01   0.21549415E-01   0.39200098       0.20298500       0.98467959E-01   0.18797036       0.56509926E-01   0.36530211E-01   0.21874770E-01   0.13264757E-01   0.84088551E-02   0.46090654E-02   0.22193942E-02   0.92527463E-03   0.63767985       0.13381869       0.15741499       0.17250658       0.40612193E-01   0.35256706E-01   0.21646075E-01   0.12302409E-01   0.66866371E-02   0.40814905E-02   0.17961303E-02   0.98374992E-03   0.38404500E-01   0.52195546E-01   0.56193367E-01   0.13971529       0.28491881E-01   0.25014858E-01   0.18264763E-01   0.10019270E-01   0.44761485E-02   0.34462019E-02   0.20502957E-02   0.10799605E-02
   1.5678870        1.2200607        1.0049993       0.85065462       0.70185315       0.50098511       0.40248902       0.30882727       0.22162487       0.13442774       0.71213004E-01   0.33809161E-01   0.15085065       0.85128762E-01   0.71983751E-01   0.56509926E-01   0.54344438E-01   0.26549287E-01   0.17149446E-01   0.10290442E-01   0.66094618E-02   0.38601113E-02   0.20391083E-02   0.99129102E-03   0.40096885      -0.68945599E-01   0.54575633E-01   0.37292977E-01   0.38411508E-01   0.21603871E-01   0.13221244E-01   0.84161823E-02   0.46404368E-02   0.32468301E-02   0.17730909E-02   0.89030938E-03   0.47719881      -0.15971304      -0.11584788E-01   0.24274730E-01   0.40348158E-01   0.11074204E-01   0.89916938E-02   0.59486433E-02   0.32527502E-02   0.23855960E-02   0.12414673E-02   0.61176676E-03
   1.0636272       0.97893136       0.81085273       0.71241476       0.63167038       0.46454815       0.35984171       0.28178706       0.21332659       0.14207557       0.71528547E-01   0.36354207E-01   0.31294839E-01   0.50567428E-01   0.31901805E-01   0.36530211E-01   0.26549287E-01   0.24107549E-01   0.14103819E-01   0.92062530E-02   0.63392670E-02   0.40694198E-02   0.21726846E-02   0.98642154E-03   0.23592713       0.22657764E-01   0.17346621E-01   0.15659450E-01   0.81336769E-02   0.16950546E-01   0.10347531E-01   0.78057090E-02   0.45484603E-02   0.29645304E-02   0.16911198E-02   0.80538759E-03   0.16928192       0.13617954E-01  -0.44223483E-01  -0.94991180E-02   0.10243993E-01   0.67553135E-02   0.58383529E-02   0.49733627E-02   0.30862039E-02   0.21495937E-02   0.10338169E-02   0.57911061E-03
  0.69502190       0.66711665       0.55854067       0.51116490       0.45960438       0.34774562       0.27792890       0.21114947       0.16233823       0.11260752       0.62310453E-01   0.33676562E-01   0.24776215E-01   0.20721038E-01   0.15013592E-01   0.21874770E-01   0.17149446E-01   0.14103819E-01   0.10634178E-01   0.70787904E-02   0.50455676E-02   0.33016816E-02   0.18399113E-02   0.82583597E-03   0.15135663      -0.58169013E-02   0.34388369E-02   0.57602135E-02   0.44373935E-02   0.91716121E-02   0.66756508E-02   0.54172878E-02   0.31872702E-02   0.20760175E-02   0.10707859E-02   0.49404769E-03   0.13070134      -0.28137123E-03  -0.35934403E-01  -0.93253576E-02   0.60158080E-02   0.99540704E-03   0.36875296E-02   0.30374682E-02   0.22121674E-02   0.14847397E-02   0.70275901E-03   0.33607030E-03
  0.47333560       0.47788782       0.41345786       0.38477826       0.34263276       0.25962526       0.21098726       0.16323049       0.12711806       0.90045064E-01   0.52524896E-01   0.29094393E-01   0.30923831E-01   0.66213871E-02   0.39762372E-02   0.13264757E-01   0.10290442E-01   0.92062530E-02   0.70787904E-02   0.57091340E-02   0.42403610E-02   0.28131405E-02   0.15943958E-02   0.70092949E-03   0.13583627      -0.10367768E-01  -0.10046881E-01   0.21224212E-03  -0.74431741E-04   0.56177096E-02   0.42499612E-02   0.36705030E-02   0.23431122E-02   0.15126427E-02   0.69474956E-03   0.27047087E-03   0.88372448E-01  -0.13915984E-01  -0.40126823E-01  -0.86939581E-02   0.82995896E-03  -0.12261545E-02   0.21336732E-02   0.21356283E-02   0.15689172E-02   0.10280308E-02   0.48616180E-03   0.20855141E-03
  0.33285290       0.35298095       0.30549213       0.29309527       0.26098836       0.19921403       0.16216228       0.12755777       0.10413572       0.76793320E-01   0.45874941E-01   0.26224245E-01   0.29690568E-01   0.58976129E-03  -0.75743313E-03   0.84088551E-02   0.66094618E-02   0.63392670E-02   0.50455676E-02   0.42403610E-02   0.34499561E-02   0.24050834E-02   0.14085503E-02   0.62933810E-03   0.10931262      -0.18874993E-01  -0.89859953E-02  -0.39613702E-02  -0.20892384E-02   0.38785686E-02   0.30202165E-02   0.27224768E-02   0.16358546E-02   0.10511067E-02   0.45161700E-03   0.12509808E-03   0.62955506E-01  -0.24720408E-01  -0.25238202E-01  -0.10351958E-01  -0.17043077E-02  -0.17784801E-02   0.13592679E-02   0.15906173E-02   0.11653478E-02   0.72575306E-03   0.34738626E-03   0.16143745E-03
  0.23001662       0.24371253       0.21207660       0.20756155       0.18524504       0.13967384       0.11375332       0.90476879E-01   0.77597205E-01   0.61469851E-01   0.38285509E-01   0.22627299E-01   0.15023835E-01  -0.24819549E-02  -0.22517952E-02   0.46090654E-02   0.38601113E-02   0.40694198E-02   0.33016816E-02   0.28131405E-02   0.24050834E-02   0.18575562E-02   0.11576069E-02   0.53894356E-03   0.67252865E-01  -0.11519476E-01  -0.60659318E-02  -0.45548801E-02  -0.22589253E-02   0.27095144E-02   0.18783787E-02   0.19061672E-02   0.10593289E-02   0.60933065E-03   0.25757992E-03   0.28471010E-04   0.26560784E-01  -0.21498796E-01  -0.13077038E-01  -0.87266225E-02  -0.17488802E-02  -0.14130555E-02   0.75734264E-03   0.10951935E-02   0.86148544E-03   0.50358564E-03   0.21203490E-03   0.11657543E-03
  0.13561554       0.13328736       0.11882664       0.11942981       0.10540690       0.79495274E-01   0.65587941E-01   0.52723176E-01   0.47057562E-01   0.40209921E-01   0.28270977E-01   0.17828955E-01   0.14625898E-01  -0.42959508E-02  -0.14758524E-02   0.22193942E-02   0.20391083E-02   0.21726846E-02   0.18399113E-02   0.15943958E-02   0.14085503E-02   0.11576069E-02   0.80355865E-03   0.40715765E-03   0.54072981E-01  -0.81402387E-02  -0.27569029E-02  -0.28385396E-02  -0.11257535E-02   0.17045138E-02   0.10230262E-02   0.10666242E-02   0.56813203E-03   0.27732308E-03   0.66431044E-04  -0.43591751E-04   0.18928154E-01  -0.21663988E-01  -0.35759333E-02  -0.49628710E-02  -0.10823919E-02  -0.74935344E-03   0.44903883E-03   0.61804714E-03   0.51119632E-03   0.28462735E-03   0.91965045E-04   0.54391126E-04
  0.64700942E-01   0.53040135E-01   0.50538657E-01   0.51534935E-01   0.45437121E-01   0.34254564E-01   0.29322046E-01   0.24376694E-01   0.22292322E-01   0.20458799E-01   0.16313533E-01   0.12548437E-01   0.88901604E-02  -0.30342633E-02   0.17724098E-03   0.92527463E-03   0.99129102E-03   0.98642154E-03   0.82583597E-03   0.70092949E-03   0.62933810E-03   0.53894356E-03   0.40715765E-03   0.26192803E-03   0.40144852E-01  -0.88948993E-02  -0.87984187E-03  -0.75764028E-03   0.23248799E-04   0.89929996E-03   0.44375936E-03   0.45884998E-03   0.21970118E-03   0.74464371E-04  -0.64446986E-05  -0.63801955E-04   0.21054563E-01  -0.14833182E-01   0.80952366E-03  -0.19691943E-02  -0.10197695E-03  -0.14300905E-03   0.20433303E-03   0.27981718E-03   0.21856390E-03   0.11183228E-03   0.32906001E-04   0.28059924E-04
   33.234492        27.130802        15.845934        11.378150        8.4397331        3.9736373        4.5784973        5.3407691        4.9822885        5.0909927        3.6117209        1.1542331        77.083987       -1.3421732        2.3849435       0.63767985       0.40096885       0.23592713       0.15135663       0.13583627       0.10931262       0.67252865E-01   0.54072981E-01   0.40144852E-01    378.19680        6.6500478        2.3389039        1.9359702        1.4101141       0.45544486       0.22991036       0.13101573       0.60616413E-01   0.20081358E-01   0.21652548E-01   0.22315034E-01    356.02510       -10.334692       0.80639264       0.61962689        1.3369099       0.29786418       0.50166387       0.13687740       0.18690998E-01  -0.13072124E-01  -0.12564450E-01   0.18271544E-02
   5.6649080        1.3748773       -2.0920785       -2.8152536       -1.9753543       -1.5512432       -1.3325139      -0.58808184      -0.32947684      -0.20930549      -0.42291759      -0.27376717       -1.0382367        7.3815998       0.10578387       0.13381869      -0.68945599E-01   0.22657764E-01  -0.58169013E-02  -0.10367768E-01  -0.18874993E-01  -0.11519476E-01  -0.81402387E-02  -0.88948993E-02    6.6500478        39.612355        1.3218268       0.56029053       0.13104393E-01   0.24203209E-01  -0.12905523E-01  -0.37389591E-01  -0.24807453E-01  -0.22946917E-01  -0.44093860E-02  -0.16968196E-02   -3.4351841        34.930728       0.83946099       0.31230942       0.26212128       0.15328930       0.64653230E-01  -0.21984700E-01   0.20390787E-02   0.20078388E-03   0.14058659E-02   0.29784245E-02
   2.7545243      -0.62683962E-01   -1.8322111       -1.1581101       -1.2151502      -0.83099867      -0.85249134      -0.59933183      -0.33959473      -0.17413021       0.94392302E-02   0.14378474E-01    1.2629446       0.15745965       0.93228337       0.15741499       0.54575633E-01   0.17346621E-01   0.34388369E-02  -0.10046881E-01  -0.89859953E-02  -0.60659318E-02  -0.27569029E-02  -0.87984187E-03    2.3389039        1.3218268        6.7109319       0.64485878E-01   0.10093376       0.54408500E-01   0.16708363E-01  -0.20924896E-04  -0.88131039E-02  -0.77673105E-02  -0.72637060E-02  -0.24430139E-02  -0.23653642        1.9549397        5.6660754       0.18258059E-03   0.58657358E-01   0.10217840       0.25284707E-01  -0.41375894E-02  -0.53108536E-02  -0.22932508E-02  -0.13908254E-02  -0.22465172E-02
   2.4317348        1.6560466       0.79555770       0.15292475      -0.13179481      -0.17167516      -0.16607075      -0.11387340      -0.19986180      -0.19863185      -0.75639244E-01  -0.66353231E-02   0.49422482       0.33298989       0.10557214       0.17250658       0.37292977E-01   0.15659450E-01   0.57602135E-02   0.21224212E-03  -0.39613702E-02  -0.45548801E-02  -0.28385396E-02  -0.75764028E-03    1.9359702       0.56029053       0.64485878E-01   0.97994430       0.87397148E-01   0.24662078E-01   0.14407886E-01   0.12291034E-02   0.67273897E-03  -0.11722870E-02  -0.62833170E-03   0.34183499E-04   0.14436760       0.34607426       0.75948161E-01   0.81684955       0.61995484E-01   0.74159305E-01   0.16110910E-01   0.50934295E-02  -0.10660333E-02  -0.74013909E-04  -0.15265964E-03  -0.60956966E-03
   1.2581792       0.43062834       0.36681341       0.43644440E-01  -0.11225992      -0.11741100      -0.47614489E-01  -0.15858218E-01  -0.42717805E-01  -0.35561170E-01  -0.24853548E-02   0.81722515E-02   0.32871946       0.70889408E-01   0.12977736       0.40612193E-01   0.38411508E-01   0.81336769E-02   0.44373935E-02  -0.74431741E-04  -0.20892384E-02  -0.22589253E-02  -0.11257535E-02   0.23248799E-04    1.4101141       0.13104393E-01   0.10093376       0.87397148E-01   0.17883428       0.20883020E-01   0.64315399E-02  -0.96087325E-03  -0.50899377E-03  -0.70637948E-03  -0.24668327E-03   0.24994356E-03    1.7208612      -0.29621930       0.21670343       0.10664357       0.14459728       0.32840770E-01   0.10244235E-01   0.22558408E-02  -0.41065716E-03  -0.26100641E-03  -0.19714230E-03  -0.56980996E-04
   1.0904342       0.91848450       0.78657944       0.56548902       0.42314891       0.26925510       0.22529128       0.18799702       0.15321840       0.11643255       0.74868160E-01   0.37760864E-01   0.58133430E-01   0.30381969E-01   0.54066783E-01   0.35256706E-01   0.21603871E-01   0.16950546E-01   0.91716121E-02   0.56177096E-02   0.38785686E-02   0.27095144E-02   0.17045138E-02   0.89929996E-03   0.45544486       0.24203209E-01   0.54408500E-01   0.24662078E-01   0.20883020E-01   0.40007966E-01   0.10204316E-01   0.72390370E-02   0.36073411E-02   0.20209646E-02   0.11993629E-02   0.77786218E-03   0.33500669      -0.73846719E-01   0.21515999E-01  -0.76850462E-02   0.16783716E-01   0.23355319E-01   0.94313178E-02   0.52763355E-02   0.22987760E-02   0.13336151E-02   0.35817979E-03   0.25937574E-03
  0.68328792       0.67106771       0.57641279       0.46732135       0.37197948       0.25802992       0.19184458       0.15219062       0.10770566       0.71612317E-01   0.40424945E-01   0.17209874E-01   0.29883105E-01   0.16266538E-01   0.20516113E-01   0.21646075E-01   0.13221244E-01   0.10347531E-01   0.66756508E-02   0.42499612E-02   0.30202165E-02   0.18783787E-02   0.10230262E-02   0.44375936E-03   0.22991036      -0.12905523E-01   0.16708363E-01   0.14407886E-01   0.64315399E-02   0.10204316E-01   0.11626027E-01   0.56852486E-02   0.33067242E-02   0.20561391E-02   0.10308467E-02   0.59431175E-03   0.50439137E-01   0.12126841E-01  -0.22570565E-01   0.23670008E-02   0.51211740E-02   0.28826327E-02   0.64249219E-02   0.42259659E-02   0.21070585E-02   0.13157344E-02   0.62013713E-03   0.31010077E-03
  0.47690630       0.50705268       0.46100545       0.39611924       0.33486984       0.23765798       0.18943821       0.14026198       0.10893596       0.75033227E-01   0.38144647E-01   0.15634238E-01  -0.10481432E-01   0.56805287E-03   0.73451792E-02   0.12302409E-01   0.84161823E-02   0.78057090E-02   0.54172878E-02   0.36705030E-02   0.27224768E-02   0.19061672E-02   0.10666242E-02   0.45884998E-03   0.13101573      -0.37389591E-01  -0.20924896E-04   0.12291034E-02  -0.96087325E-03   0.72390370E-02   0.56852486E-02   0.54190706E-02   0.30245668E-02   0.18788508E-02   0.10516225E-02   0.54834843E-03   0.91323573E-01  -0.29814733E-01  -0.36218521E-01  -0.10554295E-01  -0.29949426E-02   0.24432844E-03   0.28999366E-02   0.28812255E-02   0.18843358E-02   0.10840413E-02   0.49987009E-03   0.31996009E-03
  0.26804788       0.30289491       0.28662949       0.24345159       0.20925041       0.15039755       0.12341019       0.90480307E-01   0.65310041E-01   0.42798082E-01   0.21069664E-01   0.65435609E-02  -0.18081885E-01  -0.31117104E-02   0.19919931E-02   0.66866371E-02   0.46404368E-02   0.45484603E-02   0.31872702E-02   0.23431122E-02   0.16358546E-02   0.10593289E-02   0.56813203E-03   0.21970118E-03   0.60616413E-01  -0.24807453E-01  -0.88131039E-02   0.67273897E-03  -0.50899377E-03   0.36073411E-02   0.33067242E-02   0.30245668E-02   0.22807628E-02   0.14521041E-02   0.79819958E-03   0.45254079E-03   0.38656514E-01  -0.19109208E-01  -0.25645709E-01  -0.60416459E-02  -0.18953532E-02  -0.27769775E-03   0.13794344E-02   0.15560552E-02   0.11513071E-02   0.72654384E-03   0.33052532E-03   0.18037060E-03
  0.15651662       0.19789674       0.18493819       0.15981990       0.13843327       0.10297673       0.85765558E-01   0.63989647E-01   0.47696754E-01   0.27210547E-01   0.10286140E-01   0.10830737E-02  -0.19432417E-01  -0.18494800E-02   0.18371786E-02   0.40814905E-02   0.32468301E-02   0.29645304E-02   0.20760175E-02   0.15126427E-02   0.10511067E-02   0.60933065E-03   0.27732308E-03   0.74464371E-04   0.20081358E-01  -0.22946917E-01  -0.77673105E-02  -0.11722870E-02  -0.70637948E-03   0.20209646E-02   0.20561391E-02   0.18788508E-02   0.14521041E-02   0.12399516E-02   0.75882654E-03   0.43887337E-03   0.19434574E-01  -0.27713979E-01  -0.21186250E-01  -0.26894623E-02  -0.14721800E-02  -0.33944411E-03   0.72528296E-03   0.87598908E-03   0.63912445E-03   0.41994240E-03   0.25411534E-03   0.11570800E-03
  0.80031830E-01   0.11764030       0.10910983       0.91372753E-01   0.82341080E-01   0.61738709E-01   0.53456894E-01   0.41400423E-01   0.32854306E-01   0.19671639E-01   0.40981427E-02  -0.19097664E-02  -0.25893461E-01   0.48799933E-03  -0.29056894E-04   0.17961303E-02   0.17730909E-02   0.16911198E-02   0.10707859E-02   0.69474956E-03   0.45161700E-03   0.25757992E-03   0.66431044E-04  -0.64446986E-05   0.21652548E-01  -0.44093860E-02  -0.72637060E-02  -0.62833170E-03  -0.24668327E-03   0.11993629E-02   0.10308467E-02   0.10516225E-02   0.79819958E-03   0.75882654E-03   0.70033432E-03   0.45662504E-03   0.24838776E-01  -0.11759821E-01  -0.13483531E-01  -0.13003909E-03   0.28824304E-03   0.20627522E-03   0.32316972E-03   0.44799745E-03   0.33506494E-03   0.21102297E-03   0.12000584E-03   0.67999156E-04
  0.45017153E-01   0.65854299E-01   0.59343992E-01   0.46619198E-01   0.41143596E-01   0.32193571E-01   0.28179592E-01   0.23100764E-01   0.19848988E-01   0.13281030E-01   0.34416794E-02  -0.34898880E-02  -0.15104652E-01   0.46252035E-03  -0.91073404E-04   0.98374992E-03   0.89030938E-03   0.80538759E-03   0.49404769E-03   0.27047087E-03   0.12509808E-03   0.28471010E-04  -0.43591751E-04  -0.63801955E-04   0.22315034E-01  -0.16968196E-02  -0.24430139E-02   0.34183499E-04   0.24994356E-03   0.77786218E-03   0.59431175E-03   0.54834843E-03   0.45254079E-03   0.43887337E-03   0.45662504E-03   0.45655879E-03   0.18685564E-01  -0.69682585E-02  -0.68418200E-02   0.21047283E-02   0.46749862E-03   0.37526742E-03   0.22381767E-03   0.23697345E-03   0.17260485E-03   0.74508026E-04   0.18203572E-04  -0.17215034E-04
   24.230653        18.354317        16.898317        9.5508163        8.0747196        1.9919606        3.4341616        4.2402796        4.0139217        4.4031074        2.8914862       0.57846467        74.099423       -3.6623155        3.6445253       0.38404500E-01   0.47719881       0.16928192       0.13070134       0.88372448E-01   0.62955506E-01   0.26560784E-01   0.18928154E-01   0.21054563E-01    356.02510       -3.4351841      -0.23653642       0.14436760        1.7208612       0.33500669       0.50439137E-01   0.91323573E-01   0.38656514E-01   0.19434574E-01   0.24838776E-01   0.18685564E-01    624.57824       -15.270292       -2.7970418       -2.8612097       0.94134207       0.13874910       0.27759346       0.99405988E-01   0.21090597E-02  -0.32307920E-01  -0.13208557E-01   0.91872228E-02
   5.2229713       0.32494726E-01   -5.5498054       -3.7312897       -3.3588707       -2.2463345       -2.4042746       -1.8308822       -1.5276001       -1.0956126       -1.0015962      -0.27492618       -5.5989283        9.0422206      -0.12139331       0.52195546E-01  -0.15971304       0.13617954E-01  -0.28137123E-03  -0.13915984E-01  -0.24720408E-01  -0.21498796E-01  -0.21663988E-01  -0.14833182E-01   -10.334692        34.930728        1.9549397       0.34607426      -0.29621930      -0.73846719E-01   0.12126841E-01  -0.29814733E-01  -0.19109208E-01  -0.27713979E-01  -0.11759821E-01  -0.69682585E-02   -15.270292        78.216652       0.40080400      -0.10742871       0.45711127E-01   0.52631943E-01   0.47860797E-01  -0.68693023E-02   0.21658530E-01   0.18807607E-02  -0.10225685E-01  -0.64891064E-03
 -0.83168261       -3.6709048       -4.3965125       -3.3672023       -3.1539059       -2.3347770       -1.9995291       -1.3534510      -0.97163292      -0.39751692       0.98917085E-01   0.60897079E-01   0.22185316      -0.24906860        1.0125135       0.56193367E-01  -0.11584788E-01  -0.44223483E-01  -0.35934403E-01  -0.40126823E-01  -0.25238202E-01  -0.13077038E-01  -0.35759333E-02   0.80952366E-03   0.80639264       0.83946099        5.6660754       0.75948161E-01   0.21670343       0.21515999E-01  -0.22570565E-01  -0.36218521E-01  -0.25645709E-01  -0.21186250E-01  -0.13483531E-01  -0.68418200E-02   -2.7970418       0.40080400        12.536217       0.51222267       0.16290312       0.14048385       0.34098664E-02  -0.21407003E-01  -0.19780574E-01  -0.47675066E-02  -0.49520062E-02  -0.50750750E-02
   2.0764513       0.44093903      -0.39938880      -0.66498032      -0.73456616      -0.44142872      -0.39498782      -0.26883765      -0.32905050      -0.30034046      -0.10420337      -0.58332898E-01   0.45630016E-01   0.21077533       0.94240479E-01   0.13971529       0.24274730E-01  -0.94991180E-02  -0.93253576E-02  -0.86939581E-02  -0.10351958E-01  -0.87266225E-02  -0.49628710E-02  -0.19691943E-02   0.61962689       0.31230942       0.18258059E-03   0.81684955       0.10664357      -0.76850462E-02   0.23670008E-02  -0.10554295E-01  -0.60416459E-02  -0.26894623E-02  -0.13003909E-03   0.21047283E-02   -2.8612097      -0.10742871       0.51222267        1.9793168       0.67945014E-01   0.78090714E-01   0.10798641E-02  -0.40075243E-02  -0.57958774E-02  -0.10627375E-02  -0.91530794E-03  -0.19383992E-02
   1.2570616       0.36590450      -0.25252612      -0.33274931      -0.15243873      -0.11029773      -0.75981136E-01  -0.47457290E-01  -0.61282172E-01  -0.43182127E-01  -0.21687648E-01  -0.29042013E-02   0.38069235       0.18331051       0.36534856E-01   0.28491881E-01   0.40348158E-01   0.10243993E-01   0.60158080E-02   0.82995896E-03  -0.17043077E-02  -0.17488802E-02  -0.10823919E-02  -0.10197695E-03    1.3369099       0.26212128       0.58657358E-01   0.61995484E-01   0.14459728       0.16783716E-01   0.51211740E-02  -0.29949426E-02  -0.18953532E-02  -0.14721800E-02   0.28824304E-03   0.46749862E-03   0.94134207       0.45711127E-01   0.16290312       0.67945014E-01   0.34506466       0.25886212E-01   0.72672341E-02   0.12289775E-02  -0.17362606E-02  -0.10630530E-03   0.13121414E-03  -0.12683884E-03
  0.70365811       0.29335402       0.15243362      -0.17718341E-01  -0.10528146      -0.88621828E-01  -0.72363621E-01  -0.51153692E-01  -0.49920546E-01  -0.35832949E-01  -0.70706781E-02   0.28396071E-02   0.62756898E-01   0.77500715E-01   0.54971740E-01   0.25014858E-01   0.11074204E-01   0.67553135E-02   0.99540704E-03  -0.12261545E-02  -0.17784801E-02  -0.14130555E-02  -0.74935344E-03  -0.14300905E-03   0.29786418       0.15328930       0.10217840       0.74159305E-01   0.32840770E-01   0.23355319E-01   0.28826327E-02   0.24432844E-03  -0.27769775E-03  -0.33944411E-03   0.20627522E-03   0.37526742E-03   0.13874910       0.52631943E-01   0.14048385       0.78090714E-01   0.25886212E-01   0.55946090E-01   0.48235883E-02   0.76253732E-03  -0.47945119E-03  -0.10388582E-03  -0.33427125E-03  -0.23552913E-03
  0.42584023       0.44398625       0.35327163       0.25344200       0.17698060       0.99410198E-01   0.90212354E-01   0.75584025E-01   0.50950914E-01   0.34776572E-01   0.19753899E-01   0.70846971E-02   0.97544630E-01   0.23572400E-01   0.19793376E-01   0.18264763E-01   0.89916938E-02   0.58383529E-02   0.36875296E-02   0.21336732E-02   0.13592679E-02   0.75734264E-03   0.44903883E-03   0.20433303E-03   0.50166387       0.64653230E-01   0.25284707E-01   0.16110910E-01   0.10244235E-01   0.94313178E-02   0.64249219E-02   0.28999366E-02   0.13794344E-02   0.72528296E-03   0.32316972E-03   0.22381767E-03   0.27759346       0.47860797E-01   0.34098664E-02   0.10798641E-02   0.72672341E-02   0.48235883E-02   0.10772034E-01   0.29182094E-02   0.11646201E-02   0.72851266E-03   0.41324645E-03   0.18511284E-03
  0.34659148       0.34869275       0.32416997       0.25160720       0.19792814       0.12839176       0.98836869E-01   0.76312567E-01   0.57766606E-01   0.39532324E-01   0.23045897E-01   0.94234139E-02   0.33256923E-01   0.40122350E-03   0.10720952E-01   0.10019270E-01   0.59486433E-02   0.49733627E-02   0.30374682E-02   0.21356283E-02   0.15906173E-02   0.10951935E-02   0.61804714E-03   0.27981718E-03   0.13687740      -0.21984700E-01  -0.41375894E-02   0.50934295E-02   0.22558408E-02   0.52763355E-02   0.42259659E-02   0.28812255E-02   0.15560552E-02   0.87598908E-03   0.44799745E-03   0.23697345E-03   0.99405988E-01  -0.68693023E-02  -0.21407003E-01  -0.40075243E-02   0.12289775E-02   0.76253732E-03   0.29182094E-02   0.33967484E-02   0.12547739E-02   0.64557063E-03   0.30078625E-03   0.14459414E-03
  0.21539709       0.21836182       0.20296704       0.17259859       0.14700012       0.10289099       0.81268419E-01   0.59217483E-01   0.45961981E-01   0.32660955E-01   0.17363722E-01   0.66923192E-02  -0.12336678E-01   0.32320016E-02   0.18426449E-02   0.44761485E-02   0.32527502E-02   0.30862039E-02   0.22121674E-02   0.15689172E-02   0.11653478E-02   0.86148544E-03   0.51119632E-03   0.21856390E-03   0.18690998E-01   0.20390787E-02  -0.53108536E-02  -0.10660333E-02  -0.41065716E-03   0.22987760E-02   0.21070585E-02   0.18843358E-02   0.11513071E-02   0.63912445E-03   0.33506494E-03   0.17260485E-03   0.21090597E-02   0.21658530E-01  -0.19780574E-01  -0.57958774E-02  -0.17362606E-02  -0.47945119E-03   0.11646201E-02   0.12547739E-02   0.11772388E-02   0.58020702E-03   0.26421022E-03   0.13928804E-03
  0.12885001       0.13858500       0.12240655       0.10792173       0.95220904E-01   0.67993987E-01   0.55563646E-01   0.40103989E-01   0.26266507E-01   0.16481564E-01   0.67835689E-02   0.18238253E-02  -0.14391992E-01   0.11801127E-02   0.68116355E-03   0.34462019E-02   0.23855960E-02   0.21495937E-02   0.14847397E-02   0.10280308E-02   0.72575306E-03   0.50358564E-03   0.28462735E-03   0.11183228E-03  -0.13072124E-01   0.20078388E-03  -0.22932508E-02  -0.74013909E-04  -0.26100641E-03   0.13336151E-02   0.13157344E-02   0.10840413E-02   0.72654384E-03   0.41994240E-03   0.21102297E-03   0.74508026E-04  -0.32307920E-01   0.18807607E-02  -0.47675066E-02  -0.10627375E-02  -0.10630530E-03  -0.10388582E-03   0.72851266E-03   0.64557063E-03   0.58020702E-03   0.56776402E-03   0.27983053E-03   0.16039777E-03
  0.61806151E-01   0.69975415E-01   0.60855330E-01   0.55005777E-01   0.49365090E-01   0.35567331E-01   0.30847226E-01   0.23229188E-01   0.14804709E-01   0.63299536E-02   0.36295388E-03  -0.81233523E-03  -0.40858838E-02   0.19424150E-02   0.10612303E-02   0.20502957E-02   0.12414673E-02   0.10338169E-02   0.70275901E-03   0.48616180E-03   0.34738626E-03   0.21203490E-03   0.91965045E-04   0.32906001E-04  -0.12564450E-01   0.14058659E-02  -0.13908254E-02  -0.15265964E-03  -0.19714230E-03   0.35817979E-03   0.62013713E-03   0.49987009E-03   0.33052532E-03   0.25411534E-03   0.12000584E-03   0.18203572E-04  -0.13208557E-01  -0.10225685E-01  -0.49520062E-02  -0.91530794E-03   0.13121414E-03  -0.33427125E-03   0.41324645E-03   0.30078625E-03   0.26421022E-03   0.27983053E-03   0.28915586E-03   0.16947364E-03
  0.33465777E-01   0.39600485E-01   0.37944392E-01   0.33465888E-01   0.29563771E-01   0.21072734E-01   0.20002958E-01   0.16017323E-01   0.11057402E-01   0.62052856E-02   0.28191081E-03  -0.40535908E-03  -0.53867153E-02   0.15561357E-02   0.10059115E-02   0.10799605E-02   0.61176676E-03   0.57911061E-03   0.33607030E-03   0.20855141E-03   0.16143745E-03   0.11657543E-03   0.54391126E-04   0.28059924E-04   0.18271544E-02   0.29784245E-02  -0.22465172E-02  -0.60956966E-03  -0.56980996E-04   0.25937574E-03   0.31010077E-03   0.31996009E-03   0.18037060E-03   0.11570800E-03   0.67999156E-04  -0.17215034E-04   0.91872228E-02  -0.64891064E-03  -0.50750750E-02  -0.19383992E-02  -0.12683884E-03  -0.23552913E-03   0.18511284E-03   0.14459414E-03   0.13928804E-03   0.16039777E-03   0.16947364E-03   0.20807454E-03
