   848.60268        174.77136        75.302063        26.373280        19.740737        20.474584        11.544389        8.5138092        3.1076969        3.2970186        1.2570553       0.96160505        34.819546        56.915967        20.397750        2.1197407        1.3886864        1.3553078       0.62694971       0.37030730       0.18398193       0.10730633       0.69844400E-01   0.26440680E-01    106.84908        97.428593        69.450383        10.931861        7.2442166       0.76049379       0.73283644       0.31254833       0.27405876       0.84574915E-01   0.19129566E-01   0.92991249E-02    280.09977        51.206570        79.126216        19.854969        6.5507950        3.6930597       0.96071311       0.54644798       0.28333214       0.12236578       0.59934353E-01   0.28253988E-01
   174.77136        294.03653        56.065784        27.526371        17.556282        13.749731        10.674451        7.9033310        4.6663030        3.2503061        1.7289812       0.81439900        2.6431277        36.889130        6.0468481        3.0826295       0.72178513       0.92027737       0.69850997       0.39225886       0.22226279       0.13501002       0.64237494E-01   0.23151174E-01    16.559347        91.008200        21.311043        7.0514232        3.4490984       0.90563936       0.88787082       0.34493255       0.91904464E-01   0.84083964E-01   0.42457722E-02   0.15705132E-01   -13.726709        105.17692        9.5662444       -1.4547793       0.63941559       0.56092701        1.1361205       0.55228154       0.20972134       0.78777571E-01   0.33419789E-01   0.61807731E-02
   75.302063        56.065784        86.167228        23.744104        16.037856        10.043561        9.1732988        5.7611021        4.4343846        3.6286293        1.7829045       0.85351186        17.673729        7.3591109        4.8489941        2.1566728       0.92264499       0.86101665       0.38719308       0.22529343       0.12371208       0.86226210E-01   0.47548331E-01   0.22310833E-01    22.326072        26.405108        1.4379935        4.4908922        1.5085088        1.9815794       0.56293593       0.35123560       0.15907642       0.68319051E-01   0.29548268E-01   0.15296353E-01   -23.577662        40.277175        6.5672783       0.61410661       0.78800517        2.3446372       0.70114330       0.36559165       0.15622098       0.69527592E-01   0.27290849E-01   0.22294007E-01
   26.373280        27.526371        23.744104        31.900945        12.748357        8.1050737        5.6827168        4.3060909        3.3202605        2.5648020        1.6617621       0.88888065        6.5053682      -0.21401826       0.65567373E-01    2.2621756       0.84090724       0.59199671       0.21876702       0.16165120       0.11503940       0.80300920E-01   0.47790585E-01   0.23859003E-01    34.572099        4.1425387       0.86158492E-01    2.9615599       0.32721094       0.92066885       0.43566524       0.21843567       0.12452681       0.37761360E-01   0.46859628E-02   0.36772467E-02   -3.5206608        7.2188324       -2.3822736      -0.91054179      -0.91349159       0.77707960       0.92470186E-01   0.23913107       0.98591221E-01   0.50386246E-01   0.18774044E-01   0.10395712E-01
   19.740737        17.556282        16.037856        12.748357        14.577608        7.5222807        5.3390068        4.1475730        3.2138172        2.4924462        1.4038488       0.71822474        2.6240169      -0.66811330       0.36623475       0.96804374       0.55859352       0.35539441       0.18566273       0.12925810       0.96320321E-01   0.66364592E-01   0.35602256E-01   0.17782337E-01    12.098939       0.94425130        3.5178366        1.4829985      -0.21920386       0.55691565       0.28668833       0.17592881       0.10473449       0.46535282E-01   0.16991390E-01   0.91394671E-02   -7.4429020        2.0704949        2.0286519       -1.5233285       0.65560695E-01   0.25923685       0.65645213E-01   0.17833099       0.68812628E-01   0.34795101E-01   0.13980778E-01   0.82712468E-02
   20.474584        13.749731        10.043561        8.1050737        7.5222807        7.5193796        4.1933322        3.1800011        2.4858647        1.9104466        1.1475393       0.66342127       -1.6497452       0.84400245       0.61237295       0.44752224       0.13318641       0.28214807       0.13965741       0.93207717E-01   0.66221555E-01   0.48472403E-01   0.26603583E-01   0.14475826E-01    8.6456988        4.7168832        3.0877959       0.94360342      -0.32141053       0.15129432       0.18628117       0.11486822       0.72289481E-01   0.30060323E-01   0.15058982E-01   0.73445401E-02   -8.8346997        8.0100469        2.9763243      -0.97217587      -0.31188396       0.26888503      -0.38960499E-01   0.11265436       0.45509613E-01   0.26588187E-01   0.12020142E-01   0.84063113E-02
   11.544389        10.674451        9.1732988        5.6827168        5.3390068        4.1933322        4.0837353        2.6751035        2.1073179        1.6718982       0.91760929       0.48719329       -2.3155368       0.18891865       0.43092972       0.35260938       0.13255195       0.15210506       0.11639746       0.77396637E-01   0.53455126E-01   0.39701731E-01   0.21901031E-01   0.11962418E-01    6.5001335        2.5186832        2.0352279       0.51885791      -0.95706600E-01   0.21151029       0.70463219E-01   0.74675832E-01   0.48551837E-01   0.24480185E-01   0.12862296E-01   0.75934614E-02   -6.3468383        4.1767817        1.4665402      -0.90785921      -0.12308899E-01   0.16997496       0.39022484E-01   0.75830219E-01   0.29972638E-01   0.15911846E-01   0.78411479E-02   0.65829740E-02
   8.5138092        7.9033310        5.7611021        4.3060909        4.1475730        3.1800011        2.6751035        2.5485410        1.8035614        1.3955584       0.78021931       0.42807295       -1.2887576      -0.13439697       0.98107008E-01   0.29548319       0.10688113       0.91822159E-01   0.75336088E-01   0.64219982E-01   0.45431386E-01   0.33282478E-01   0.18596837E-01   0.10013801E-01    3.6108155        1.8798312        1.2114412       0.65627259      -0.30917406E-01   0.13926724       0.73601911E-01   0.42126528E-01   0.35357203E-01   0.19750399E-01   0.10904961E-01   0.60599628E-02   -7.0151437        3.9172729       0.82012428      -0.38530662      -0.24686432E-01   0.66529089E-01   0.82705659E-02   0.59147386E-01   0.92438479E-02   0.10051628E-01   0.55895514E-02   0.62276264E-02
   3.1076969        4.6663030        4.4343846        3.3202605        3.2138172        2.4858647        2.1073179        1.8035614        1.7780947        1.3218076       0.74536104       0.41259446       -1.5142004      -0.16838799       0.15249965       0.25882272       0.56450023E-01   0.71167920E-01   0.52804658E-01   0.42491999E-01   0.37362652E-01   0.30405833E-01   0.17235132E-01   0.98217466E-02   0.91890840        1.0369079       0.70913700       0.77895935      -0.92833725E-01   0.14349881       0.41637479E-01   0.33811272E-01   0.17435195E-01   0.13391975E-01   0.92187181E-02   0.51110623E-02   -8.4884834        2.0393736       0.39458574       0.29995996      -0.63800882E-01   0.58225888E-01  -0.10746911E-02   0.36118426E-01   0.72041594E-02   0.37768660E-02   0.37836762E-02   0.53074739E-02
   3.2970186        3.2503061        3.6286293        2.5648020        2.4924462        1.9104466        1.6718982        1.3955584        1.3218076        1.2940096       0.73354334       0.40054506       -1.1345189      -0.53971794E-01   0.16442574       0.22306900       0.33164252E-01   0.54780863E-01   0.43164146E-01   0.32045476E-01   0.27048581E-01   0.25477356E-01   0.15579510E-01   0.91356370E-02   0.39262380       0.12673094       0.92749535       0.60665289      -0.15073248E-01   0.12305571       0.33933427E-01   0.26892609E-01   0.16514112E-01   0.67210486E-02   0.63536100E-02   0.43855993E-02   -3.9856190      -0.91939017       0.95009934       0.24238064      -0.12857549E-01   0.60733906E-01   0.38409197E-02   0.29406805E-01   0.41531106E-02   0.43464942E-02   0.24139519E-03   0.40369804E-02
   1.2570553        1.7289812        1.7829045        1.6617621        1.4038488        1.1475393       0.91760929       0.78021931       0.74536104       0.73354334       0.58464524       0.37684433       -1.3482084      -0.48211373E-01   0.10152116       0.12386052       0.27460125E-01   0.35404209E-01   0.23557753E-01   0.20574189E-01   0.16965357E-01   0.15018260E-01   0.10625766E-01   0.72891006E-02   -1.0454544       0.24918989E-01   0.50754472       0.25224872      -0.23120277E-01   0.56652702E-01   0.18844871E-01   0.13613937E-01   0.90980035E-02   0.34777103E-02   0.80247820E-03   0.13087326E-02   -3.0579757      -0.79748654       0.25792209      -0.31257115E-01  -0.36444456E-01   0.37589211E-01  -0.15697547E-01   0.17608681E-01   0.23140657E-02   0.22950863E-02   0.12223464E-03   0.91498707E-03
  0.96160505       0.81439900       0.85351186       0.88888065       0.71822474       0.66342127       0.48719329       0.42807295       0.41259446       0.40054506       0.37684433       0.38155837       -1.2786252       0.26539687E-02   0.25063753E-01   0.96036807E-01   0.13912434E-01   0.19768079E-01   0.13285089E-01   0.14415539E-01   0.11339566E-01   0.94882451E-02   0.68388107E-02   0.59657626E-02  -0.77813147      -0.99309861E-01   0.41062191       0.15229336      -0.39615495E-01   0.26343766E-01   0.57334257E-02   0.57237262E-02   0.47115875E-02   0.14687613E-02  -0.72983169E-03  -0.17676664E-02   -2.7543789      -0.82034785       0.26070707       0.53862344E-01  -0.17847713E-01   0.48721599E-01  -0.12861982E-01   0.72475907E-02   0.11246345E-02   0.51142017E-03   0.71519122E-04   0.47984645E-03
   34.819546        2.6431277        17.673729        6.5053682        2.6240169       -1.6497452       -2.3155368       -1.2887576       -1.5142004       -1.1345189       -1.3482084       -1.2786252        777.70047        7.9445576        3.2711011        1.5502952       0.78064934      -0.19138832      -0.84078975E-01  -0.33538995E-01  -0.50125746E-01  -0.52185888E-01  -0.22591172E-01  -0.20701524E-01    2078.2813        56.112331        6.7140250        9.3561825      -0.51844779       0.30343519      -0.64236728E-01   0.12544099       0.75572345E-01   0.47764410E-01   0.10177804E-02  -0.67670135E-02    1949.1748        67.477089        2.8975477        17.323470       -2.8394141       0.45028335       0.14988922      -0.69667885E-01   0.13741930E-01   0.33188329E-01  -0.41639994E-02   0.42286608E-02
   56.915967        36.889130        7.3591109      -0.21401826      -0.66811330       0.84400245       0.18891865      -0.13439697      -0.16838799      -0.53971794E-01  -0.48211373E-01   0.26539687E-02    7.9445576        71.114230       0.18067015      -0.20658267      -0.15424851       0.24091942       0.12779558       0.23990776E-01   0.72717331E-02  -0.93322037E-02  -0.53521071E-02  -0.12460555E-02    22.910480        96.502419        3.7376252      -0.74684402      -0.83628226E-01   0.23002674       0.18838068       0.10710705E-01   0.46620448E-02   0.42939011E-04   0.13647918E-02   0.10416230E-01   -1.2137733        51.177402      -0.15758802       -1.0762346       0.10353250       0.80194329       0.38013885      -0.10357415E-01   0.84016896E-02  -0.70902065E-02  -0.46005671E-02  -0.23554446E-03
   20.397750        6.0468481        4.8489941       0.65567373E-01   0.36623475       0.61237295       0.43092972       0.98107008E-01   0.15249965       0.16442574       0.10152116       0.25063753E-01    3.2711011       0.18067015        11.525641      -0.88245244E-01   0.66361724E-01   0.11865924       0.24254107E-01   0.73009195E-02   0.31583415E-02   0.13137580E-02   0.10883244E-02   0.12746504E-02    26.556690        4.7471986        20.331368      -0.87738327       0.43112023       0.18133417      -0.72965483E-01   0.74121502E-02  -0.34892791E-02   0.36958383E-02   0.61566450E-02   0.18642180E-02    30.538251        2.2751715        24.550303      -0.21576219       0.12799097       0.29469780       0.61918782E-01   0.21502557E-01   0.72681012E-02   0.38090713E-02  -0.15821480E-02  -0.27558575E-02
   2.1197407        3.0826295        2.1566728        2.2621756       0.96804374       0.44752224       0.35260938       0.29548319       0.25882272       0.22306900       0.12386052       0.96036807E-01    1.5502952      -0.20658267      -0.88245244E-01    1.6830244       0.85677984E-01   0.32924981E-01   0.13036332E-01   0.16910669E-01   0.78776562E-02   0.56783198E-02   0.38819833E-02   0.25251364E-02   -2.8230255      -0.26560997       0.66906712E-01    2.9376649       0.28774862       0.42397910E-01   0.22655003E-01   0.17869448E-01   0.29608096E-02   0.97440857E-03  -0.14806554E-03  -0.69232158E-03   -3.5889371      -0.74947519       0.99945016E-01    3.0207112       0.24712360       0.39832500E-01   0.46079192E-02   0.13457441E-01   0.13146730E-02   0.38908149E-02   0.70285157E-03   0.14575644E-02
   1.3886864       0.72178513       0.92264499       0.84090724       0.55859352       0.13318641       0.13255195       0.10688113       0.56450023E-01   0.33164252E-01   0.27460125E-01   0.13912434E-01   0.78064934      -0.15424851       0.66361724E-01   0.85677984E-01   0.29786237       0.33034658E-01   0.17741787E-01   0.93007791E-02   0.39059133E-02   0.15181694E-02   0.84363113E-03   0.41942586E-03    2.9094785      -0.89653666       0.15891182E-01   0.26102139       0.34333659       0.66511525E-01   0.14184500E-01   0.29701495E-02   0.32054881E-02   0.37191593E-03  -0.48969571E-03  -0.30323667E-03    1.7494341       -2.0957656      -0.26060045       0.19195809       0.43367428       0.50493175E-01   0.86375223E-02   0.53866590E-02   0.13645741E-02   0.10964508E-02   0.60072225E-04  -0.36441107E-03
   1.3553078       0.92027737       0.86101665       0.59199671       0.35539441       0.28214807       0.15210506       0.91822159E-01   0.71167920E-01   0.54780863E-01   0.35404209E-01   0.19768079E-01  -0.19138832       0.24091942       0.11865924       0.32924981E-01   0.33034658E-01   0.57517816E-01   0.12618676E-01   0.58721472E-02   0.31484124E-02   0.19445709E-02   0.81743706E-03   0.38838135E-03   0.38503498       0.24851972       0.13440206       0.10067370E-01   0.29554715E-01   0.58780094E-01   0.14065850E-01   0.57312776E-02   0.30181126E-02   0.46346995E-03   0.15291168E-03   0.18247838E-03   0.15220958       0.21713693       0.13399847      -0.11244551       0.14021531E-01   0.80263573E-01   0.60369798E-02   0.62345616E-02   0.22991689E-02   0.89827323E-03   0.37969117E-03   0.16888596E-03
  0.62694971       0.69850997       0.38719308       0.21876702       0.18566273       0.13965741       0.11639746       0.75336088E-01   0.52804658E-01   0.43164146E-01   0.23557753E-01   0.13285089E-01  -0.84078975E-01   0.12779558       0.24254107E-01   0.13036332E-01   0.17741787E-01   0.12618676E-01   0.14518707E-01   0.44917941E-02   0.25011115E-02   0.13054320E-02   0.57615172E-03   0.25031130E-03   0.19570571       0.14370767       0.47000551E-01   0.15228532E-01   0.19659852E-01   0.10037585E-01   0.77222895E-02   0.31137467E-02   0.10960462E-02   0.50279277E-03   0.12060293E-03   0.17452799E-03    1.3057945       0.80999069E-01   0.28887633E-02  -0.53513432E-01   0.15682234E-01   0.16797852E-01   0.10532853E-01   0.30402859E-02   0.10435054E-02   0.35675449E-03   0.83786497E-04  -0.96804051E-05
  0.37030730       0.39225886       0.22529343       0.16165120       0.12925810       0.93207717E-01   0.77396637E-01   0.64219982E-01   0.42491999E-01   0.32045476E-01   0.20574189E-01   0.14415539E-01  -0.33538995E-01   0.23990776E-01   0.73009195E-02   0.16910669E-01   0.93007791E-02   0.58721472E-02   0.44917941E-02   0.42222967E-02   0.21641942E-02   0.12562095E-02   0.65886878E-03   0.32468070E-03   0.74041095E-01   0.56486726E-01   0.38036405E-01   0.28970836E-01   0.12540904E-01   0.41536790E-02   0.37105135E-02   0.18976564E-02   0.93134414E-03   0.29188827E-03  -0.39368406E-04  -0.90810574E-04  -0.17315084       0.12703103       0.88540921E-02   0.66093781E-02   0.99304636E-02   0.55960263E-02   0.28035281E-02   0.24940542E-02   0.46245511E-03   0.40443958E-03   0.10657389E-03   0.23156536E-04
  0.18398193       0.22226279       0.12371208       0.11503940       0.96320321E-01   0.66221555E-01   0.53455126E-01   0.45431386E-01   0.37362652E-01   0.27048581E-01   0.16965357E-01   0.11339566E-01  -0.50125746E-01   0.72717331E-02   0.31583415E-02   0.78776562E-02   0.39059133E-02   0.31484124E-02   0.25011115E-02   0.21641942E-02   0.18857942E-02   0.11023863E-02   0.58313499E-03   0.28071042E-03  -0.29613245E-01   0.97979943E-02   0.34219384E-01   0.12046827E-01   0.15388946E-03   0.33310328E-02   0.20422693E-02   0.11935858E-02   0.57416323E-03   0.19688520E-03  -0.72732120E-04  -0.11805120E-03  -0.17059481      -0.11196304E-01   0.67738334E-02  -0.86445838E-02  -0.60931595E-03   0.19563850E-02   0.72974577E-03   0.15079680E-02   0.37344594E-03   0.22984637E-03   0.51301743E-04   0.33997329E-04
  0.10730633       0.13501002       0.86226210E-01   0.80300920E-01   0.66364592E-01   0.48472403E-01   0.39701731E-01   0.33282478E-01   0.30405833E-01   0.25477356E-01   0.15018260E-01   0.94882451E-02  -0.52185888E-01  -0.93322037E-02   0.13137580E-02   0.56783198E-02   0.15181694E-02   0.19445709E-02   0.13054320E-02   0.12562095E-02   0.11023863E-02   0.89040650E-03   0.48649299E-03   0.24734442E-03  -0.20566970E-01  -0.16744265E-01   0.20334967E-01   0.11015334E-01  -0.97297028E-03   0.22772411E-02   0.12022682E-02   0.75866852E-03   0.38334678E-03   0.99098823E-04  -0.90107382E-05  -0.72297620E-04  -0.17222829      -0.38095815E-01   0.13517884E-01  -0.27452406E-02  -0.29427688E-02   0.10118953E-02   0.22493895E-03   0.97234626E-03   0.23224457E-03   0.15827646E-03   0.35363072E-04   0.72482505E-04
  0.69844400E-01   0.64237494E-01   0.47548331E-01   0.47790585E-01   0.35602256E-01   0.26603583E-01   0.21901031E-01   0.18596837E-01   0.17235132E-01   0.15579510E-01   0.10625766E-01   0.68388107E-02  -0.22591172E-01  -0.53521071E-02   0.10883244E-02   0.38819833E-02   0.84363113E-03   0.81743706E-03   0.57615172E-03   0.65886878E-03   0.58313499E-03   0.48649299E-03   0.33633667E-03   0.17925250E-03   0.48674542E-02   0.87728611E-03   0.14530014E-01   0.73421672E-02  -0.18027521E-03   0.93543810E-03   0.39687770E-03   0.40118355E-03   0.21332552E-03   0.46287977E-04  -0.42211115E-04  -0.67901030E-04  -0.94473919E-01  -0.24496038E-01   0.10417858E-01   0.22897592E-02  -0.14694930E-02   0.41873399E-03  -0.67421176E-04   0.54969161E-03   0.13515305E-03   0.99021361E-04   0.19042288E-04   0.44195619E-04
  0.26440680E-01   0.23151174E-01   0.22310833E-01   0.23859003E-01   0.17782337E-01   0.14475826E-01   0.11962418E-01   0.10013801E-01   0.98217466E-02   0.91356370E-02   0.72891006E-02   0.59657626E-02  -0.20701524E-01  -0.12460555E-02   0.12746504E-02   0.25251364E-02   0.41942586E-03   0.38838135E-03   0.25031130E-03   0.32468070E-03   0.28071042E-03   0.24734442E-03   0.17925250E-03   0.13409065E-03   0.78998903E-02   0.24049674E-02   0.10704957E-01   0.47085712E-02  -0.35672203E-03   0.72359217E-03   0.30221961E-04   0.16144281E-03   0.92518993E-04   0.23778903E-04  -0.21651280E-04  -0.43207198E-04  -0.72917259E-02  -0.12220075E-01   0.48849192E-02   0.20454539E-02  -0.29897480E-03   0.59414979E-03  -0.28368740E-03   0.21355726E-03   0.47340811E-04   0.39496808E-04   0.12632517E-04   0.23522905E-04
   106.84908        16.559347        22.326072        34.572099        12.098939        8.6456988        6.5001335        3.6108155       0.91890840       0.39262380       -1.0454544      -0.77813147        2078.2813        22.910480        26.556690       -2.8230255        2.9094785       0.38503498       0.19570571       0.74041095E-01  -0.29613245E-01  -0.20566970E-01   0.48674542E-02   0.78998903E-02    10232.081        149.50185        65.368486        4.8415309       -2.2883891       0.59756318       -1.1357406       0.58489762       0.56157546       0.15178152      -0.30238690E-01  -0.42808192E-01    10350.721        237.86091        28.154188       -1.9010773       -11.599358        5.1859406      -0.24671798      -0.32100702       0.15128912       0.15267406       0.52978173E-01   0.29089842E-01
   97.428593        91.008200        26.405108        4.1425387       0.94425130        4.7168832        2.5186832        1.8798312        1.0369079       0.12673094       0.24918989E-01  -0.99309861E-01    56.112331        96.502419        4.7471986      -0.26560997      -0.89653666       0.24851972       0.14370767       0.56486726E-01   0.97979943E-02  -0.16744265E-01   0.87728611E-03   0.24049674E-02    149.50185        478.26679        26.958082        2.6337835      -0.11049580      -0.60805010       0.30173883       0.13439752      -0.10926071E-01   0.49167437E-01   0.14235900E-01   0.13726327E-01    41.297859        372.04799        19.361721        1.2561392       -1.1971173        1.4218725       0.78998683       0.55254334E-01   0.75014904E-01   0.57107337E-01   0.19770293E-01   0.34175965E-01
   69.450383        21.311043        1.4379935       0.86158492E-01    3.5178366        3.0877959        2.0352279        1.2114412       0.70913700       0.92749535       0.50754472       0.41062191        6.7140250        3.7376252        20.331368       0.66906712E-01   0.15891182E-01   0.13440206       0.47000551E-01   0.38036405E-01   0.34219384E-01   0.20334967E-01   0.14530014E-01   0.10704957E-01    65.368486        26.958082        103.11031       -1.7694922       0.74714383      -0.16573224      -0.12333314       0.39340936E-01   0.25173017E-01   0.16937798E-01   0.21377516E-01  -0.18946712E-02    76.214391        26.350086        107.98958      -0.24262900       0.65832969       0.32800972       0.11679238       0.84514264E-01   0.23736517E-01   0.19992180E-01   0.97852704E-02  -0.39682015E-02
   10.931861        7.0514232        4.4908922        2.9615599        1.4829985       0.94360342       0.51885791       0.65627259       0.77895935       0.60665289       0.25224872       0.15229336        9.3561825      -0.74684402      -0.87738327        2.9376649       0.26102139       0.10067370E-01   0.15228532E-01   0.28970836E-01   0.12046827E-01   0.11015334E-01   0.73421672E-02   0.47085712E-02    4.8415309        2.6337835       -1.7694922        14.911857        1.0857519      -0.20319957E-01   0.44281295E-01   0.35377632E-01  -0.83115297E-02   0.41786911E-03   0.33111053E-02  -0.15335290E-04   -24.785103        7.5923894       -1.4461809        14.532603       0.72048836       0.10201979      -0.29175989E-01   0.18780614E-01   0.15504681E-02   0.86474596E-03  -0.17883340E-02   0.15624280E-02
   7.2442166        3.4490984        1.5085088       0.32721094      -0.21920386      -0.32141053      -0.95706600E-01  -0.30917406E-01  -0.92833725E-01  -0.15073248E-01  -0.23120277E-01  -0.39615495E-01  -0.51844779      -0.83628226E-01   0.43112023       0.28774862       0.34333659       0.29554715E-01   0.19659852E-01   0.12540904E-01   0.15388946E-03  -0.97297028E-03  -0.18027521E-03  -0.35672203E-03   -2.2883891      -0.11049580       0.74714383        1.0857519        2.1922596      -0.11456419E-01  -0.75210050E-02  -0.12004587E-02  -0.50312974E-02  -0.21859302E-02   0.40203113E-03   0.68093232E-03    1.8043623       -5.5185187       0.91569455        1.2950243        1.8157356       0.53975513E-01  -0.66397760E-02   0.58216025E-02  -0.44629053E-02   0.22385374E-02  -0.88302426E-03  -0.15325368E-02
  0.76049379       0.90563936        1.9815794       0.92066885       0.55691565       0.15129432       0.21151029       0.13926724       0.14349881       0.12305571       0.56652702E-01   0.26343766E-01   0.30343519       0.23002674       0.18133417       0.42397910E-01   0.66511525E-01   0.58780094E-01   0.10037585E-01   0.41536790E-02   0.33310328E-02   0.22772411E-02   0.93543810E-03   0.72359217E-03   0.59756318      -0.60805010      -0.16573224      -0.20319957E-01  -0.11456419E-01   0.31702487       0.17052341E-01   0.11045700E-01   0.32522640E-02   0.16558781E-02   0.12162985E-02   0.99437294E-03   0.93763197       0.37158766      -0.86119047E-01  -0.14055112      -0.19790863E-01   0.23829228       0.11824783E-01   0.11276366E-01   0.26740568E-02   0.80352374E-03   0.45845867E-03   0.23323067E-03
  0.73283644       0.88787082       0.56293593       0.43566524       0.28668833       0.18628117       0.70463219E-01   0.73601911E-01   0.41637479E-01   0.33933427E-01   0.18844871E-01   0.57334257E-02  -0.64236728E-01   0.18838068      -0.72965483E-01   0.22655003E-01   0.14184500E-01   0.14065850E-01   0.77222895E-02   0.37105135E-02   0.20422693E-02   0.12022682E-02   0.39687770E-03   0.30221961E-04   -1.1357406       0.30173883      -0.12333314       0.44281295E-01  -0.75210050E-02   0.17052341E-01   0.46950822E-01   0.54237071E-02   0.25275003E-02   0.77544489E-03   0.16629855E-04   0.21759472E-03   0.31217732       0.20293053      -0.11368227      -0.30676348E-01  -0.26100087E-01   0.13890195E-01   0.21369660E-01   0.64582387E-02   0.19367236E-02   0.12089577E-02   0.26900551E-03   0.38524173E-03
  0.31254833       0.34493255       0.35123560       0.21843567       0.17592881       0.11486822       0.74675832E-01   0.42126528E-01   0.33811272E-01   0.26892609E-01   0.13613937E-01   0.57237262E-02   0.12544099       0.10710705E-01   0.74121502E-02   0.17869448E-01   0.29701495E-02   0.57312776E-02   0.31137467E-02   0.18976564E-02   0.11935858E-02   0.75866852E-03   0.40118355E-03   0.16144281E-03   0.58489762       0.13439752       0.39340936E-01   0.35377632E-01  -0.12004587E-02   0.11045700E-01   0.54237071E-02   0.93297921E-02   0.19751664E-02   0.77116651E-03   0.21351587E-03   0.10286939E-03   0.15602102       0.21178613       0.66546203E-01  -0.16261466E-01  -0.82297922E-02   0.13772038E-01   0.20165266E-03   0.49551393E-02   0.14152343E-02   0.66773757E-03   0.19428140E-03   0.96032828E-04
  0.27405876       0.91904464E-01   0.15907642       0.12452681       0.10473449       0.72289481E-01   0.48551837E-01   0.35357203E-01   0.17435195E-01   0.16514112E-01   0.90980035E-02   0.47115875E-02   0.75572345E-01   0.46620448E-02  -0.34892791E-02   0.29608096E-02   0.32054881E-02   0.30181126E-02   0.10960462E-02   0.93134414E-03   0.57416323E-03   0.38334678E-03   0.21332552E-03   0.92518993E-04   0.56157546      -0.10926071E-01   0.25173017E-01  -0.83115297E-02  -0.50312974E-02   0.32522640E-02   0.25275003E-02   0.19751664E-02   0.24561275E-02   0.63497941E-03   0.25295829E-03   0.11808109E-03   0.18065450       0.16903175E-01   0.40551204E-01  -0.47359169E-01  -0.10652542E-01   0.38177018E-02  -0.83373576E-03   0.14571152E-02   0.75102238E-03   0.41392624E-03   0.68888300E-04   0.45285863E-04
  0.84574915E-01   0.84083964E-01   0.68319051E-01   0.37761360E-01   0.46535282E-01   0.30060323E-01   0.24480185E-01   0.19750399E-01   0.13391975E-01   0.67210486E-02   0.34777103E-02   0.14687613E-02   0.47764410E-01   0.42939011E-04   0.36958383E-02   0.97440857E-03   0.37191593E-03   0.46346995E-03   0.50279277E-03   0.29188827E-03   0.19688520E-03   0.99098823E-04   0.46287977E-04   0.23778903E-04   0.15178152       0.49167437E-01   0.16937798E-01   0.41786911E-03  -0.21859302E-02   0.16558781E-02   0.77544489E-03   0.77116651E-03   0.63497941E-03   0.63720140E-03   0.26407138E-03   0.13098051E-03  -0.29118350E-01   0.12024050       0.28195979E-01  -0.17234157E-01  -0.15374024E-02   0.13051117E-02   0.23477820E-03   0.36208730E-03   0.20938405E-03   0.51037909E-04   0.65601912E-04   0.54108371E-05
  0.19129566E-01   0.42457722E-02   0.29548268E-01   0.46859628E-02   0.16991390E-01   0.15058982E-01   0.12862296E-01   0.10904961E-01   0.92187181E-02   0.63536100E-02   0.80247820E-03  -0.72983169E-03   0.10177804E-02   0.13647918E-02   0.61566450E-02  -0.14806554E-03  -0.48969571E-03   0.15291168E-03   0.12060293E-03  -0.39368406E-04  -0.72732120E-04  -0.90107382E-05  -0.42211115E-04  -0.21651280E-04  -0.30238690E-01   0.14235900E-01   0.21377516E-01   0.33111053E-02   0.40203113E-03   0.12162985E-02   0.16629855E-04   0.21351587E-03   0.25295829E-03   0.26407138E-03   0.37082654E-03   0.18812308E-03  -0.52988560E-01   0.47935897E-01   0.43950400E-01   0.53886208E-03   0.98407944E-03   0.66543317E-03  -0.60642466E-04   0.12960773E-04  -0.18242020E-04  -0.40705666E-04   0.13981994E-05   0.61458835E-05
  0.92991249E-02   0.15705132E-01   0.15296353E-01   0.36772467E-02   0.91394671E-02   0.73445401E-02   0.75934614E-02   0.60599628E-02   0.51110623E-02   0.43855993E-02   0.13087326E-02  -0.17676664E-02  -0.67670135E-02   0.10416230E-01   0.18642180E-02  -0.69232158E-03  -0.30323667E-03   0.18247838E-03   0.17452799E-03  -0.90810574E-04  -0.11805120E-03  -0.72297620E-04  -0.67901030E-04  -0.43207198E-04  -0.42808192E-01   0.13726327E-01  -0.18946712E-02  -0.15335290E-04   0.68093232E-03   0.99437294E-03   0.21759472E-03   0.10286939E-03   0.11808109E-03   0.13098051E-03   0.18812308E-03   0.21468406E-03   0.12668689E-01   0.20360563E-01  -0.32125176E-03  -0.44647802E-02   0.10347431E-02   0.74433238E-03   0.49514529E-04   0.41747596E-04  -0.42495450E-04  -0.21158040E-04  -0.26094228E-05  -0.17403983E-04
   280.09977       -13.726709       -23.577662       -3.5206608       -7.4429020       -8.8346997       -6.3468383       -7.0151437       -8.4884834       -3.9856190       -3.0579757       -2.7543789        1949.1748       -1.2137733        30.538251       -3.5889371        1.7494341       0.15220958        1.3057945      -0.17315084      -0.17059481      -0.17222829      -0.94473919E-01  -0.72917259E-02    10350.721        41.297859        76.214391       -24.785103        1.8043623       0.93763197       0.31217732       0.15602102       0.18065450      -0.29118350E-01  -0.52988560E-01   0.12668689E-01    17404.340       -2.9615879        136.71916       -28.151752       -10.448901        6.7488026       0.40295026       0.33149133      -0.31434166      -0.14770477       0.42444402E-01  -0.20952144E-01
   51.206570        105.17692        40.277175        7.2188324        2.0704949        8.0100469        4.1767817        3.9172729        2.0393736      -0.91939017      -0.79748654      -0.82034785        67.477089        51.177402        2.2751715      -0.74947519       -2.0957656       0.21713693       0.80999069E-01   0.12703103      -0.11196304E-01  -0.38095815E-01  -0.24496038E-01  -0.12220075E-01    237.86091        372.04799        26.350086        7.5923894       -5.5185187       0.37158766       0.20293053       0.21178613       0.16903175E-01   0.12024050       0.47935897E-01   0.20360563E-01   -2.9615879        888.74635        42.807137        8.7235230       -5.1639666       0.16020819       0.37509919      -0.51093837E-01   0.12366380       0.62747627E-01   0.48939286E-01   0.35564326E-01
   79.126216        9.5662444        6.5672783       -2.3822736        2.0286519        2.9763243        1.4665402       0.82012428       0.39458574       0.95009934       0.25792209       0.26070707        2.8975477      -0.15758802        24.550303       0.99945016E-01  -0.26060045       0.13399847       0.28887633E-02   0.88540921E-02   0.67738334E-02   0.13517884E-01   0.10417858E-01   0.48849192E-02    28.154188        19.361721        107.98958       -1.4461809       0.91569455      -0.86119047E-01  -0.11368227       0.66546203E-01   0.40551204E-01   0.28195979E-01   0.43950400E-01  -0.32125176E-03    136.71916        42.807137        208.20871        1.6543467       0.48416900       0.68423527       0.20495749       0.21907733       0.18279945E-01   0.13272610E-01   0.27639462E-02  -0.25017522E-02
   19.854969       -1.4547793       0.61410661      -0.91054179       -1.5233285      -0.97217587      -0.90785921      -0.38530662       0.29995996       0.24238064      -0.31257115E-01   0.53862344E-01    17.323470       -1.0762346      -0.21576219        3.0207112       0.19195809      -0.11244551      -0.53513432E-01   0.66093781E-02  -0.86445838E-02  -0.27452406E-02   0.22897592E-02   0.20454539E-02   -1.9010773        1.2561392      -0.24262900        14.532603        1.2950243      -0.14055112      -0.30676348E-01  -0.16261466E-01  -0.47359169E-01  -0.17234157E-01   0.53886208E-03  -0.44647802E-02   -28.151752        8.7235230        1.6543467        28.293681        1.0869149       0.41484156E-02  -0.36405030E-02  -0.24438118E-01  -0.20462621E-02  -0.71549156E-02  -0.23425072E-02  -0.75413643E-03
   6.5507950       0.63941559       0.78800517      -0.91349159       0.65560695E-01  -0.31188396      -0.12308899E-01  -0.24686432E-01  -0.63800882E-01  -0.12857549E-01  -0.36444456E-01  -0.17847713E-01   -2.8394141       0.10353250       0.12799097       0.24712360       0.43367428       0.14021531E-01   0.15682234E-01   0.99304636E-02  -0.60931595E-03  -0.29427688E-02  -0.14694930E-02  -0.29897480E-03   -11.599358       -1.1971173       0.65832969       0.72048836        1.8157356      -0.19790863E-01  -0.26100087E-01  -0.82297922E-02  -0.10652542E-01  -0.15374024E-02   0.98407944E-03   0.10347431E-02   -10.448901       -5.1639666       0.48416900        1.0869149        3.9699471       0.54652197E-01  -0.84501089E-02  -0.95166185E-02  -0.59483268E-02  -0.14247496E-02   0.23696134E-04  -0.68337208E-03
   3.6930597       0.56092701        2.3446372       0.77707960       0.25923685       0.26888503       0.16997496       0.66529089E-01   0.58225888E-01   0.60733906E-01   0.37589211E-01   0.48721599E-01   0.45028335       0.80194329       0.29469780       0.39832500E-01   0.50493175E-01   0.80263573E-01   0.16797852E-01   0.55960263E-02   0.19563850E-02   0.10118953E-02   0.41873399E-03   0.59414979E-03    5.1859406        1.4218725       0.32800972       0.10201979       0.53975513E-01   0.23829228       0.13890195E-01   0.13772038E-01   0.38177018E-02   0.13051117E-02   0.66543317E-03   0.74433238E-03    6.7488026       0.16020819       0.68423527       0.41484156E-02   0.54652197E-01   0.60453461       0.15116120E-01   0.12728618E-01   0.27708193E-02   0.15041307E-02   0.12411377E-02   0.37033543E-03
  0.96071311        1.1361205       0.70114330       0.92470186E-01   0.65645213E-01  -0.38960499E-01   0.39022484E-01   0.82705659E-02  -0.10746911E-02   0.38409197E-02  -0.15697547E-01  -0.12861982E-01   0.14988922       0.38013885       0.61918782E-01   0.46079192E-02   0.86375223E-02   0.60369798E-02   0.10532853E-01   0.28035281E-02   0.72974577E-03   0.22493895E-03  -0.67421176E-04  -0.28368740E-03  -0.24671798       0.78998683       0.11679238      -0.29175989E-01  -0.66397760E-02   0.11824783E-01   0.21369660E-01   0.20165266E-03  -0.83373576E-03   0.23477820E-03  -0.60642466E-04   0.49514529E-04   0.40295026       0.37509919       0.20495749      -0.36405030E-02  -0.84501089E-02   0.15116120E-01   0.78553553E-01   0.99894624E-03   0.73041516E-03   0.85561842E-04   0.72864027E-04   0.21689258E-03
  0.54644798       0.55228154       0.36559165       0.23913107       0.17833099       0.11265436       0.75830219E-01   0.59147386E-01   0.36118426E-01   0.29406805E-01   0.17608681E-01   0.72475907E-02  -0.69667885E-01  -0.10357415E-01   0.21502557E-01   0.13457441E-01   0.53866590E-02   0.62345616E-02   0.30402859E-02   0.24940542E-02   0.15079680E-02   0.97234626E-03   0.54969161E-03   0.21355726E-03  -0.32100702       0.55254334E-01   0.84514264E-01   0.18780614E-01   0.58216025E-02   0.11276366E-01   0.64582387E-02   0.49551393E-02   0.14571152E-02   0.36208730E-03   0.12960773E-04   0.41747596E-04   0.33149133      -0.51093837E-01   0.21907733      -0.24438118E-01  -0.95166185E-02   0.12728618E-01   0.99894624E-03   0.14990010E-01   0.15305902E-02   0.49007817E-03   0.22153471E-03   0.17841409E-03
  0.28333214       0.20972134       0.15622098       0.98591221E-01   0.68812628E-01   0.45509613E-01   0.29972638E-01   0.92438479E-02   0.72041594E-02   0.41531106E-02   0.23140657E-02   0.11246345E-02   0.13741930E-01   0.84016896E-02   0.72681012E-02   0.13146730E-02   0.13645741E-02   0.22991689E-02   0.10435054E-02   0.46245511E-03   0.37344594E-03   0.23224457E-03   0.13515305E-03   0.47340811E-04   0.15128912       0.75014904E-01   0.23736517E-01   0.15504681E-02  -0.44629053E-02   0.26740568E-02   0.19367236E-02   0.14152343E-02   0.75102238E-03   0.20938405E-03  -0.18242020E-04  -0.42495450E-04  -0.31434166       0.12366380       0.18279945E-01  -0.20462621E-02  -0.59483268E-02   0.27708193E-02   0.73041516E-03   0.15305902E-02   0.24651117E-02   0.34070595E-03   0.15770501E-03   0.62446565E-04
  0.12236578       0.78777571E-01   0.69527592E-01   0.50386246E-01   0.34795101E-01   0.26588187E-01   0.15911846E-01   0.10051628E-01   0.37768660E-02   0.43464942E-02   0.22950863E-02   0.51142017E-03   0.33188329E-01  -0.70902065E-02   0.38090713E-02   0.38908149E-02   0.10964508E-02   0.89827323E-03   0.35675449E-03   0.40443958E-03   0.22984637E-03   0.15827646E-03   0.99021361E-04   0.39496808E-04   0.15267406       0.57107337E-01   0.19992180E-01   0.86474596E-03   0.22385374E-02   0.80352374E-03   0.12089577E-02   0.66773757E-03   0.41392624E-03   0.51037909E-04  -0.40705666E-04  -0.21158040E-04  -0.14770477       0.62747627E-01   0.13272610E-01  -0.71549156E-02  -0.14247496E-02   0.15041307E-02   0.85561842E-04   0.49007817E-03   0.34070595E-03   0.64850210E-03   0.13334369E-03   0.66470642E-04
  0.59934353E-01   0.33419789E-01   0.27290849E-01   0.18774044E-01   0.13980778E-01   0.12020142E-01   0.78411479E-02   0.55895514E-02   0.37836762E-02   0.24139519E-03   0.12223464E-03   0.71519122E-04  -0.41639994E-02  -0.46005671E-02  -0.15821480E-02   0.70285157E-03   0.60072225E-04   0.37969117E-03   0.83786497E-04   0.10657389E-03   0.51301743E-04   0.35363072E-04   0.19042288E-04   0.12632517E-04   0.52978173E-01   0.19770293E-01   0.97852704E-02  -0.17883340E-02  -0.88302426E-03   0.45845867E-03   0.26900551E-03   0.19428140E-03   0.68888300E-04   0.65601912E-04   0.13981994E-05  -0.26094228E-05   0.42444402E-01   0.48939286E-01   0.27639462E-02  -0.23425072E-02   0.23696134E-04   0.12411377E-02   0.72864027E-04   0.22153471E-03   0.15770501E-03   0.13334369E-03   0.20877074E-03   0.67289982E-04
  0.28253988E-01   0.61807731E-02   0.22294007E-01   0.10395712E-01   0.82712468E-02   0.84063113E-02   0.65829740E-02   0.62276264E-02   0.53074739E-02   0.40369804E-02   0.91498707E-03   0.47984645E-03   0.42286608E-02  -0.23554446E-03  -0.27558575E-02   0.14575644E-02  -0.36441107E-03   0.16888596E-03  -0.96804051E-05   0.23156536E-04   0.33997329E-04   0.72482505E-04   0.44195619E-04   0.23522905E-04   0.29089842E-01   0.34175965E-01  -0.39682015E-02   0.15624280E-02  -0.15325368E-02   0.23323067E-03   0.38524173E-03   0.96032828E-04   0.45285863E-04   0.54108371E-05   0.61458835E-05  -0.17403983E-04  -0.20952144E-01   0.35564326E-01  -0.25017522E-02  -0.75413643E-03  -0.68337208E-03   0.37033543E-03   0.21689258E-03   0.17841409E-03   0.62446565E-04   0.66470642E-04   0.67289982E-04   0.14695260E-03
