   200.46650        60.771194        41.817547        27.829921        18.515327        14.156232        10.530991        7.5524998        4.7481453        3.0874803        1.7281192       0.43095755       -2.7898584        9.0018201        3.6783201        2.7447703        1.3069931       0.63630822       0.46606350       0.28829621       0.17849593       0.86051942E-01   0.40843823E-01   0.15075310E-01   -41.165913        6.8964171        4.2119652        5.1591342        2.5257300       0.60903614       0.51410430       0.28152028       0.17091371       0.82571188E-01   0.27443746E-01   0.29229407E-01   -5.9243572       -1.0302930        9.1656767        5.5254817        2.6392990       0.80577894       0.44016843       0.25319043       0.19566754       0.76299859E-01   0.34178593E-01   0.15142625E-01
   60.771194        86.913417        39.363245        30.950450        24.080477        16.439528        13.233491        9.4715002        7.0774043        4.7692075        2.5815575       0.93341003       -7.6700273        4.9104488        1.9732821        1.9872223       0.86330714       0.63534979       0.41470276       0.29455802       0.20295360       0.12890043       0.69291944E-01   0.28508915E-01   -1.5425966       0.37739566        1.4772078        3.1701834        1.1513663       0.67169329       0.43338754       0.33757751       0.16370213       0.10233894       0.53405956E-01   0.32856202E-01   -4.2571299        3.3637455       -1.6153342       0.96216516       0.99777495       0.61686848       0.41776875       0.27231659       0.17068771       0.71740600E-01   0.42827582E-01   0.22598697E-01
   41.817547        39.363245        38.947907        22.801885        17.927326        12.011727        9.8822463        7.3039277        5.4909087        3.9636328        2.4417135        1.1268120      -0.15806964        2.0682450        1.3393840        1.4011748       0.71012479       0.45212506       0.29709951       0.21152651       0.14713687       0.97348177E-01   0.57715706E-01   0.30262437E-01  -0.65533155        2.1316329       -1.1957648        1.5136913       0.96675749       0.48131547       0.36316374       0.23232633       0.13682161       0.81297932E-01   0.39476239E-01   0.24577831E-01   0.51489110        1.0053185       -2.0105254      -0.45737442E-01   0.66191203       0.29954003       0.24194902       0.19882325       0.11424306       0.54521207E-01   0.30709395E-01   0.17289992E-01
   27.829921        30.950450        22.801885        23.206229        17.013013        12.023372        9.2081218        6.8713835        5.0829758        3.6871943        2.2158690        1.1422226       -4.0846049        1.4391468       0.25560640       0.97891312       0.49155207       0.36326956       0.24993928       0.19404323       0.14109303       0.98309577E-01   0.58926478E-01   0.29512232E-01   -7.4877455        1.3039076      -0.24558180        1.3215011       0.34358107       0.25721162       0.29562748       0.20849974       0.12082059       0.73989616E-01   0.34781829E-01   0.17539333E-01   -11.329885      -0.68241652      -0.46611480       0.25059806       0.53194845E-01   0.79551101E-01   0.13876562       0.15244046       0.10149826       0.53372997E-01   0.29672875E-01   0.16663162E-01
   18.515327        24.080477        17.927326        17.013013        16.261419        11.604517        8.9816084        6.6675587        5.0769742        3.6550820        2.1160316        1.0984241       -3.3358372        1.0611374       0.65793589E-01   0.44031416       0.39295121       0.32714523       0.23182449       0.18455354       0.13268676       0.92061149E-01   0.54252616E-01   0.26969859E-01   -8.3288908      -0.69773092       0.16758749       0.59504743       0.26711531E-01   0.19726842       0.22290778       0.18532400       0.10912499       0.69146794E-01   0.36520543E-01   0.19530022E-01   -8.3112153       -1.4250141       0.18926227      -0.62276607       0.58414649E-01  -0.55692191E-01   0.76813988E-01   0.12834911       0.85758342E-01   0.47207796E-01   0.27067733E-01   0.15423515E-01
   14.156232        16.439528        12.011727        12.023372        11.604517        9.7426888        7.1487876        5.3548298        4.1342532        3.0771115        1.7485417       0.92905352       -3.7117474       0.88427205      -0.12467182       0.24128233       0.25208236       0.23704772       0.17573606       0.14187433       0.10406329       0.73468137E-01   0.43852819E-01   0.22595180E-01   -10.305936      -0.80001690      -0.60896276E-01   0.30615673       0.12465732E-01   0.44839172E-01   0.13685591       0.12924974       0.76506986E-01   0.50016528E-01   0.27779248E-01   0.15095174E-01   -10.179392       -2.2402883       0.27015730      -0.51875612       0.58944806E-01  -0.68970268E-01   0.13685143E-01   0.80332084E-01   0.65468651E-01   0.37544298E-01   0.22280172E-01   0.13695233E-01
   10.530991        13.233491        9.8822463        9.2081218        8.9816084        7.1487876        6.0831442        4.4885486        3.4754698        2.5840713        1.5023271       0.80713316       -2.3197095       0.39327206      -0.73710933E-01   0.18163161       0.18397867       0.16229653       0.13682962       0.11155905       0.82739011E-01   0.58406815E-01   0.35667625E-01   0.19093178E-01   -5.3824372      -0.74881018      -0.61690838E-02   0.18956544      -0.21340536E-01   0.66953786E-01   0.84611031E-01   0.95144224E-01   0.60350937E-01   0.42023448E-01   0.24586707E-01   0.13955263E-01   -7.4010416      -0.62171694      -0.96430382E-01  -0.54188074       0.11691077      -0.62411464E-01   0.25299820E-01   0.55713514E-01   0.45921894E-01   0.27189392E-01   0.17485374E-01   0.11336985E-01
   7.5524998        9.4715002        7.3039277        6.8713835        6.6675587        5.3548298        4.4885486        3.6442060        2.8104751        2.1202731        1.2296818       0.68250431       -1.8455521       0.32474577      -0.55057474E-01   0.11632088       0.13301569       0.11504128       0.10020141       0.87688279E-01   0.66515122E-01   0.46871872E-01   0.28592061E-01   0.15771351E-01   -3.9540186       0.21090262E-01  -0.97352911E-01   0.11417982      -0.33108464E-01   0.41082012E-01   0.69294541E-01   0.65308693E-01   0.44087435E-01   0.30962567E-01   0.18601586E-01   0.10281430E-01   -6.5011107      -0.33562576E-01   0.28248217E-01  -0.40870684       0.87167335E-01  -0.49273752E-01   0.17521731E-01   0.42519638E-01   0.30513834E-01   0.19036059E-01   0.12535461E-01   0.92438979E-02
   4.7481453        7.0774043        5.4909087        5.0829758        5.0769742        4.1342532        3.4754698        2.8104751        2.4678243        1.9430664        1.1597626       0.67115709       -1.5098885       0.18805772      -0.84816031E-01   0.38008600E-01   0.86648927E-01   0.87355401E-01   0.74875184E-01   0.65781806E-01   0.53773887E-01   0.40842086E-01   0.25778558E-01   0.14512563E-01   -2.4962441       0.38176539E-01   0.57668702E-01  -0.31402723E-01  -0.62972282E-01   0.53232596E-01   0.50311212E-01   0.52878732E-01   0.28794432E-01   0.21426164E-01   0.14121875E-01   0.84113330E-02   -5.5474150      -0.45268247       0.14984935      -0.38291057       0.40771470E-01  -0.34611553E-01   0.11471267E-01   0.31371901E-01   0.24793613E-01   0.11225582E-01   0.81817795E-02   0.71982108E-02
   3.0874803        4.7692075        3.9636328        3.6871943        3.6550820        3.0771115        2.5840713        2.1202731        1.9430664        1.8000275        1.1483533       0.69033505       -1.1601403       0.46246334      -0.13780525       0.84546208E-02   0.42050189E-01   0.58765502E-01   0.53357665E-01   0.48268143E-01   0.41393208E-01   0.34573772E-01   0.23452893E-01   0.13999298E-01   -1.5666803        1.2825906       0.14971787      -0.14340689      -0.47732764E-01   0.46827585E-01   0.36459531E-01   0.36837120E-01   0.20216109E-01   0.12019625E-01   0.89092965E-02   0.64051718E-02   -4.9341203       0.60694948       0.47862487      -0.28325113       0.41819744E-01  -0.18543867E-01   0.50736107E-02   0.20684464E-01   0.19166149E-01   0.74443077E-02   0.29405312E-02   0.45607314E-02
   1.7281192        2.5815575        2.4417135        2.2158690        2.1160316        1.7485417        1.5023271        1.2296818        1.1597626        1.1483533       0.93028495       0.62664946      -0.64420944       0.20055078      -0.72529670E-01   0.11850877E-01   0.30762706E-01   0.36305353E-01   0.34037274E-01   0.30759539E-01   0.26262719E-01   0.22526145E-01   0.17171839E-01   0.11576213E-01  -0.78305098       0.74572387       0.14065830      -0.10876149       0.47711660E-02   0.29337311E-01   0.27066794E-01   0.21269120E-01   0.12393878E-01   0.58652545E-02   0.19339250E-02   0.19726708E-02   -3.8876941       0.70460088       0.56594783      -0.15981437       0.80304768E-01  -0.64273141E-02   0.29920159E-02   0.13987944E-01   0.11870081E-01   0.41508406E-02   0.66520227E-03   0.11197076E-02
  0.43095755       0.93341003        1.1268120        1.1422226        1.0984241       0.92905352       0.80713316       0.68250431       0.67115709       0.69033505       0.62664946       0.58583329      -0.66490290       0.57357934E-01  -0.82619110E-01  -0.12037073E-01   0.15870615E-01   0.18842383E-01   0.20966118E-01   0.19607870E-01   0.17031836E-01   0.15265420E-01   0.11925234E-01   0.94408611E-02   -1.4505704       0.28462854       0.18874603      -0.56097699E-01   0.80154579E-02   0.86384741E-02   0.13109480E-01   0.99547173E-02   0.48467159E-02   0.73574507E-03  -0.14582035E-02  -0.27613316E-02   -2.8912252       0.54883624       0.59298642      -0.61860490E-01   0.91229586E-01  -0.64730286E-02  -0.41319864E-02   0.69308197E-02   0.59573869E-02   0.22211423E-02   0.21230307E-03   0.12292137E-02
  -2.7898584       -7.6700273      -0.15806964       -4.0846049       -3.3358372       -3.7117474       -2.3197095       -1.8455521       -1.5098885       -1.1601403      -0.64420944      -0.66490290        96.185875        2.5573620       0.86757969      -0.31610395E-01  -0.15220359      -0.56380923E-01  -0.32380596E-01  -0.59735544E-01  -0.37522876E-01  -0.32606548E-01  -0.17470263E-01  -0.10621078E-01    205.36125       -4.1804135      -0.72354936      -0.39926994       0.16596070E-01  -0.24760137E-01   0.25958459E-01  -0.39666105E-01  -0.44894324E-02  -0.34489045E-02  -0.63861498E-02   0.19872159E-02    162.88024        6.4639320        3.1582951      -0.65583178      -0.71788127      -0.15929481       0.43450884E-01  -0.42694259E-01  -0.13270516E-01  -0.95641245E-02  -0.10339868E-01  -0.69187746E-02
   9.0018201        4.9104488        2.0682450        1.4391468        1.0611374       0.88427205       0.39327206       0.32474577       0.18805772       0.46246334       0.20055078       0.57357934E-01    2.5573620        9.8239487       0.19369559E-01   0.17509270       0.81267933E-01   0.36810693E-01   0.26898830E-01   0.11556079E-01   0.71179392E-02   0.51860992E-02   0.23206726E-02   0.19057974E-02   -1.9163965        14.370127      -0.58497942       0.47330113       0.11795323       0.13964541E-01   0.68834215E-01   0.11993648E-01   0.84142504E-02   0.26854015E-02   0.28191170E-02   0.28262958E-02    2.0816451        14.327189       0.89718674E-01   0.54315502       0.13682922       0.99006103E-01   0.33902654E-01   0.41377187E-02   0.59948715E-02   0.26706922E-02  -0.23387250E-02   0.83417600E-03
   3.6783201        1.9732821        1.3393840       0.25560640       0.65793589E-01  -0.12467182      -0.73710933E-01  -0.55057474E-01  -0.84816031E-01  -0.13780525      -0.72529670E-01  -0.82619110E-01   0.86757969       0.19369559E-01    1.5786875       0.10543723       0.76117752E-01   0.21059635E-01   0.14464930E-01   0.52135610E-02   0.61053930E-03  -0.33606000E-02  -0.20076368E-02  -0.13170304E-02    4.0351655       0.17937327        1.4905571       0.17758836       0.13283718       0.10397866E-01   0.56140618E-02  -0.90362416E-03  -0.69305501E-03   0.21722880E-05   0.41837738E-04   0.98367409E-03    3.3276383        1.8217315        1.7706402      -0.14071607E-01   0.14047549       0.27312144E-01   0.25848911E-01   0.25742378E-02   0.30529205E-02  -0.62971103E-03  -0.54340118E-03  -0.10421617E-03
   2.7447703        1.9872223        1.4011748       0.97891312       0.44031416       0.24128233       0.18163161       0.11632088       0.38008600E-01   0.84546208E-02   0.11850877E-01  -0.12037073E-01  -0.31610395E-01   0.17509270       0.10543723       0.36638436       0.44118882E-01   0.20090197E-01   0.10920773E-01   0.62112051E-02   0.34720129E-02   0.13787342E-02   0.72658063E-03   0.24351813E-03  -0.48873609      -0.11772852      -0.17994845       0.41401103       0.87052745E-01   0.28082069E-01   0.15758071E-01   0.51736728E-02   0.31490011E-02   0.96276806E-03   0.24563845E-03   0.37919732E-03   0.50327813      -0.21080864E-02  -0.29084610       0.42368705       0.28419975E-01   0.31368331E-01   0.17007129E-01   0.63714132E-02   0.41586951E-02   0.22069642E-02   0.12904725E-02   0.44924889E-03
   1.3069931       0.86330714       0.71012479       0.49155207       0.39295121       0.25208236       0.18397867       0.13301569       0.86648927E-01   0.42050189E-01   0.30762706E-01   0.15870615E-01  -0.15220359       0.81267933E-01   0.76117752E-01   0.44118882E-01   0.76669102E-01   0.18997548E-01   0.11394169E-01   0.68538191E-02   0.38078412E-02   0.16882629E-02   0.75001962E-03   0.47717464E-03  -0.63745576      -0.49958152E-01   0.17326658E-01   0.37462335E-01   0.78643188E-01   0.16845993E-01   0.13006318E-01   0.55989294E-02   0.23876183E-02   0.12134487E-02   0.10648965E-03   0.21166336E-03  -0.44774164E-02   0.96041099E-01   0.61708403E-01   0.10460629E-01   0.78133069E-01   0.17326164E-01   0.91937927E-02   0.60101460E-02   0.24400522E-02   0.11180319E-02   0.86543664E-03   0.19504126E-03
  0.63630822       0.63534979       0.45212506       0.36326956       0.32714523       0.23704772       0.16229653       0.11504128       0.87355401E-01   0.58765502E-01   0.36305353E-01   0.18842383E-01  -0.56380923E-01   0.36810693E-01   0.21059635E-01   0.20090197E-01   0.18997548E-01   0.20724883E-01   0.89764390E-02   0.57898234E-02   0.33368129E-02   0.19625993E-02   0.10277838E-02   0.51161877E-03  -0.38187123       0.74485693E-02  -0.70918991E-02   0.22928972E-01   0.15888962E-01   0.15158596E-01   0.80000360E-02   0.46478432E-02   0.22569882E-02   0.10838743E-02   0.48806415E-03   0.22226093E-03  -0.14830801      -0.65880548E-01   0.23590507E-01  -0.25867436E-01   0.12775021E-01   0.13384837E-01   0.52564656E-02   0.37675951E-02   0.19070503E-02   0.97430276E-03   0.53163256E-03   0.15657154E-03
  0.46606350       0.41470276       0.29709951       0.24993928       0.23182449       0.17573606       0.13682962       0.10020141       0.74875184E-01   0.53357665E-01   0.34037274E-01   0.20966118E-01  -0.32380596E-01   0.26898830E-01   0.14464930E-01   0.10920773E-01   0.11394169E-01   0.89764390E-02   0.73299547E-02   0.43432724E-02   0.27835045E-02   0.16996020E-02   0.91226667E-03   0.47400675E-03  -0.23313665      -0.11158461E-01   0.20608587E-01   0.17104743E-01   0.82547389E-02   0.61867623E-02   0.46424576E-02   0.29879589E-02   0.16048159E-02   0.85941765E-03   0.34641937E-03   0.15342538E-03  -0.13061556       0.40680259E-03   0.51679856E-01  -0.13847425E-01   0.99004531E-02   0.40102283E-02   0.32998724E-02   0.21189564E-02   0.12132038E-02   0.70972414E-03   0.37485899E-03   0.12767102E-03
  0.28829621       0.29455802       0.21152651       0.19404323       0.18455354       0.14187433       0.11155905       0.87688279E-01   0.65781806E-01   0.48268143E-01   0.30759539E-01   0.19607870E-01  -0.59735544E-01   0.11556079E-01   0.52135610E-02   0.62112051E-02   0.68538191E-02   0.57898234E-02   0.43432724E-02   0.38390654E-02   0.25376796E-02   0.16030650E-02   0.88597342E-03   0.44944766E-03  -0.20382954      -0.79078999E-02  -0.60751030E-02   0.68271218E-02   0.20375352E-02   0.32940405E-02   0.26933952E-02   0.20600730E-02   0.12493695E-02   0.64955457E-03   0.20975154E-03   0.28207393E-04  -0.24394394      -0.95088038E-02   0.11746570E-01  -0.80120212E-02   0.38286217E-02   0.40803250E-03   0.14295431E-02   0.15408754E-02   0.88827760E-03   0.55767633E-03   0.30680168E-03   0.13985044E-03
  0.17849593       0.20295360       0.14713687       0.14109303       0.13268676       0.10406329       0.82739011E-01   0.66515122E-01   0.53773887E-01   0.41393208E-01   0.26262719E-01   0.17031836E-01  -0.37522876E-01   0.71179392E-02   0.61053930E-03   0.34720129E-02   0.38078412E-02   0.33368129E-02   0.27835045E-02   0.25376796E-02   0.20410010E-02   0.13484688E-02   0.78098688E-03   0.39723760E-03  -0.10805898       0.43160542E-02  -0.66809056E-02   0.37290931E-02   0.96753104E-04   0.18729208E-02   0.16757241E-02   0.14100713E-02   0.78860057E-03   0.42759170E-03   0.89454649E-04  -0.40896117E-04  -0.16858353      -0.14915040E-02   0.52119795E-02  -0.72754703E-02   0.11696452E-02  -0.10441179E-02   0.74804140E-03   0.10099884E-02   0.66077258E-03   0.37880493E-03   0.21488677E-03   0.11271558E-03
  0.86051942E-01   0.12890043       0.97348177E-01   0.98309577E-01   0.92061149E-01   0.73468137E-01   0.58406815E-01   0.46871872E-01   0.40842086E-01   0.34573772E-01   0.22526145E-01   0.15265420E-01  -0.32606548E-01   0.51860992E-02  -0.33606000E-02   0.13787342E-02   0.16882629E-02   0.19625993E-02   0.16996020E-02   0.16030650E-02   0.13484688E-02   0.10575621E-02   0.65349710E-03   0.35115258E-03  -0.92923519E-01   0.16587819E-01  -0.12560934E-02  -0.27520593E-03  -0.92073507E-03   0.12579986E-02   0.10408126E-02   0.93834651E-03   0.47170538E-03   0.21984314E-03   0.44457427E-04  -0.63630386E-04  -0.16746343       0.50228999E-02   0.64580661E-02  -0.58081552E-02   0.52634624E-03  -0.63533836E-03   0.24716737E-03   0.60756583E-03   0.46609664E-03   0.25089186E-03   0.13268073E-03   0.94148035E-04
  0.40843823E-01   0.69291944E-01   0.57715706E-01   0.58926478E-01   0.54252616E-01   0.43852819E-01   0.35667625E-01   0.28592061E-01   0.25778558E-01   0.23452893E-01   0.17171839E-01   0.11925234E-01  -0.17470263E-01   0.23206726E-02  -0.20076368E-02   0.72658063E-03   0.75001962E-03   0.10277838E-02   0.91226667E-03   0.88597342E-03   0.78098688E-03   0.65349710E-03   0.46517118E-03   0.26926555E-03  -0.41881876E-01   0.10448521E-01   0.28406487E-02  -0.56651316E-03  -0.65111458E-03   0.60920563E-03   0.61971069E-03   0.51952089E-03   0.26620902E-03   0.11828879E-03  -0.46775116E-05  -0.61320750E-04  -0.99021446E-01   0.48209413E-02   0.97161229E-02  -0.39775437E-02   0.39561141E-03  -0.51729051E-03   0.77423964E-04   0.31215972E-03   0.27434396E-03   0.14571049E-03   0.64016588E-04   0.57535188E-04
  0.15075310E-01   0.28508915E-01   0.30262437E-01   0.29512232E-01   0.26969859E-01   0.22595180E-01   0.19093178E-01   0.15771351E-01   0.14512563E-01   0.13999298E-01   0.11576213E-01   0.94408611E-02  -0.10621078E-01   0.19057974E-02  -0.13170304E-02   0.24351813E-03   0.47717464E-03   0.51161877E-03   0.47400675E-03   0.44944766E-03   0.39723760E-03   0.35115258E-03   0.26926555E-03   0.19767652E-03  -0.28030421E-01   0.70619260E-02   0.27527841E-02  -0.74355276E-03   0.27170577E-03   0.20746702E-03   0.30070237E-03   0.22738587E-03   0.12174340E-03   0.38080130E-04  -0.25162330E-04  -0.62206113E-04  -0.65064413E-01   0.72599701E-02   0.91008795E-02  -0.30392051E-02   0.15023176E-02  -0.14894864E-03  -0.62614029E-04   0.15743649E-03   0.14040348E-03   0.75717340E-04   0.29048412E-04   0.36799479E-04
  -41.165913       -1.5425966      -0.65533155       -7.4877455       -8.3288908       -10.305936       -5.3824372       -3.9540186       -2.4962441       -1.5666803      -0.78305098       -1.4505704        205.36125       -1.9163965        4.0351655      -0.48873609      -0.63745576      -0.38187123      -0.23313665      -0.20382954      -0.10805898      -0.92923519E-01  -0.41881876E-01  -0.28030421E-01    836.24357       -11.016223       -3.8635569      -0.97216895      -0.36550865      -0.20254575      -0.89580323E-01  -0.14209870      -0.22202210E-01   0.10265723E-01  -0.15947615E-01  -0.16569516E-02    721.86997        15.792693        6.2906487       -1.9055234       -2.3717074      -0.51393868       0.40474164E-03  -0.20481157      -0.31991076E-01  -0.44481398E-01  -0.37897916E-01  -0.14987794E-01
   6.8964171       0.37739566        2.1316329        1.3039076      -0.69773092      -0.80001690      -0.74881018       0.21090262E-01   0.38176539E-01    1.2825906       0.74572387       0.28462854       -4.1804135        14.370127       0.17937327      -0.11772852      -0.49958152E-01   0.74485693E-02  -0.11158461E-01  -0.79078999E-02   0.43160542E-02   0.16587819E-01   0.10448521E-01   0.70619260E-02   -11.016223        101.50464       0.99118242       0.54273190       0.34563301       0.67421527E-01   0.13254513      -0.18870447E-01  -0.26875757E-03  -0.17171352E-01  -0.11256131E-01  -0.21723327E-02   -31.992323        84.344215        1.6763967        1.5711200       0.49462377       0.29463438       0.13152438       0.13975406E-01  -0.31133099E-02   0.73380992E-02  -0.29678580E-02   0.34101908E-02
   4.2119652        1.4772078       -1.1957648      -0.24558180       0.16758749      -0.60896276E-01  -0.61690838E-02  -0.97352911E-01   0.57668702E-01   0.14971787       0.14065830       0.18874603      -0.72354936      -0.58497942        1.4905571      -0.17994845       0.17326658E-01  -0.70918991E-02   0.20608587E-01  -0.60751030E-02  -0.66809056E-02  -0.12560934E-02   0.28406487E-02   0.27527841E-02   -3.8635569       0.99118242        14.396284       0.26376457       0.63537450E-01   0.11623939       0.41930340E-02   0.11967829E-01  -0.43857887E-02  -0.15534846E-03   0.43719408E-03   0.64311464E-03   -19.037445        3.3896728        12.263776       0.56775387       0.17298544       0.84413966E-01   0.36958939E-01  -0.69366535E-02   0.12934975E-02  -0.27200151E-02  -0.20165104E-02   0.17106963E-02
   5.1591342        3.1701834        1.5136913        1.3215011       0.59504743       0.30615673       0.18956544       0.11417982      -0.31402723E-01  -0.14340689      -0.10876149      -0.56097699E-01  -0.39926994       0.47330113       0.17758836       0.41401103       0.37462335E-01   0.22928972E-01   0.17104743E-01   0.68271218E-02   0.37290931E-02  -0.27520593E-03  -0.56651316E-03  -0.74355276E-03  -0.97216895       0.54273190       0.26376457        2.3674111       0.84456629E-01   0.12177898E-01   0.14273645E-01   0.76358325E-02   0.32528396E-02   0.70887048E-04  -0.17050845E-02  -0.17500772E-02   -1.1017342       0.46406068       0.19372373        1.9151204      -0.12532781E-02   0.40501175E-01   0.28545295E-01   0.12903706E-01   0.49611768E-02   0.48814653E-02   0.29659405E-02   0.25302151E-02
   2.5257300        1.1513663       0.96675749       0.34358107       0.26711531E-01   0.12465732E-01  -0.21340536E-01  -0.33108464E-01  -0.62972282E-01  -0.47732764E-01   0.47711660E-02   0.80154579E-02   0.16596070E-01   0.11795323       0.13283718       0.87052745E-01   0.78643188E-01   0.15888962E-01   0.82547389E-02   0.20375352E-02   0.96753104E-04  -0.92073507E-03  -0.65111458E-03   0.27170577E-03  -0.36550865       0.34563301       0.63537450E-01   0.84456629E-01   0.41764074       0.19388467E-01   0.12627414E-01   0.26573264E-02   0.15762673E-02   0.16050594E-03  -0.79289609E-03  -0.38524184E-03   0.17078023       0.76741881E-02   0.14850788       0.13063721       0.35863553       0.30992040E-01   0.15441340E-01   0.84814192E-02   0.31262679E-02   0.93481505E-03   0.75197302E-03  -0.52041876E-03
  0.60903614       0.67169329       0.48131547       0.25721162       0.19726842       0.44839172E-01   0.66953786E-01   0.41082012E-01   0.53232596E-01   0.46827585E-01   0.29337311E-01   0.86384741E-02  -0.24760137E-01   0.13964541E-01   0.10397866E-01   0.28082069E-01   0.16845993E-01   0.15158596E-01   0.61867623E-02   0.32940405E-02   0.18729208E-02   0.12579986E-02   0.60920563E-03   0.20746702E-03  -0.20254575       0.67421527E-01   0.11623939       0.12177898E-01   0.19388467E-01   0.74363366E-01   0.97828366E-02   0.46897018E-02   0.17318960E-02   0.67483179E-03   0.52366098E-03   0.57197899E-03  -0.39142573       0.13448768      -0.11742980E-01   0.19118466E-01   0.21132014E-01   0.44942593E-01   0.11091758E-01   0.39786082E-02   0.10582600E-02   0.24059197E-03   0.47205027E-04  -0.10852353E-03
  0.51410430       0.43338754       0.36316374       0.29562748       0.22290778       0.13685591       0.84611031E-01   0.69294541E-01   0.50311212E-01   0.36459531E-01   0.27066794E-01   0.13109480E-01   0.25958459E-01   0.68834215E-01   0.56140618E-02   0.15758071E-01   0.13006318E-01   0.80000360E-02   0.46424576E-02   0.26933952E-02   0.16757241E-02   0.10408126E-02   0.61971069E-03   0.30070237E-03  -0.89580323E-01   0.13254513       0.41930340E-02   0.14273645E-01   0.12627414E-01   0.97828366E-02   0.14334016E-01   0.41119938E-02   0.21509641E-02   0.78263794E-03   0.17050634E-03   0.17969934E-03   0.12575452       0.80412224E-01   0.10139473E-01  -0.19084289E-02   0.16072842E-01   0.55057751E-02   0.68737276E-02   0.35293277E-02   0.15140220E-02   0.58317475E-03   0.23657331E-03   0.14492550E-03
  0.28152028       0.33757751       0.23232633       0.20849974       0.18532400       0.12924974       0.95144224E-01   0.65308693E-01   0.52878732E-01   0.36837120E-01   0.21269120E-01   0.99547173E-02  -0.39666105E-01   0.11993648E-01  -0.90362416E-03   0.51736728E-02   0.55989294E-02   0.46478432E-02   0.29879589E-02   0.20600730E-02   0.14100713E-02   0.93834651E-03   0.51952089E-03   0.22738587E-03  -0.14209870      -0.18870447E-01   0.11967829E-01   0.76358325E-02   0.26573264E-02   0.46897018E-02   0.41119938E-02   0.42847361E-02   0.17547099E-02   0.92681066E-03   0.44936126E-03   0.26188130E-03  -0.92758969E-01  -0.29405087E-01  -0.55176310E-03  -0.10204749E-01   0.95400966E-03   0.10950357E-02   0.14046584E-02   0.22224470E-02   0.13621831E-02   0.48628122E-03   0.25899504E-03   0.12727224E-03
  0.17091371       0.16370213       0.13682161       0.12082059       0.10912499       0.76506986E-01   0.60350937E-01   0.44087435E-01   0.28794432E-01   0.20216109E-01   0.12393878E-01   0.48467159E-02  -0.44894324E-02   0.84142504E-02  -0.69305501E-03   0.31490011E-02   0.23876183E-02   0.22569882E-02   0.16048159E-02   0.12493695E-02   0.78860057E-03   0.47170538E-03   0.26620902E-03   0.12174340E-03  -0.22202210E-01  -0.26875757E-03  -0.43857887E-02   0.32528396E-02   0.15762673E-02   0.17318960E-02   0.21509641E-02   0.17547099E-02   0.15042430E-02   0.78114835E-03   0.37411648E-03   0.23188731E-03  -0.27381272E-01   0.11136754E-01  -0.59369740E-02  -0.85421569E-02   0.19132980E-02   0.16147339E-03   0.84099123E-03   0.98984433E-03   0.67008476E-03   0.33447546E-03   0.15622380E-03   0.45441549E-04
  0.82571188E-01   0.10233894       0.81297932E-01   0.73989616E-01   0.69146794E-01   0.50016528E-01   0.42023448E-01   0.30962567E-01   0.21426164E-01   0.12019625E-01   0.58652545E-02   0.73574507E-03  -0.34489045E-02   0.26854015E-02   0.21722880E-05   0.96276806E-03   0.12134487E-02   0.10838743E-02   0.85941765E-03   0.64955457E-03   0.42759170E-03   0.21984314E-03   0.11828879E-03   0.38080130E-04   0.10265723E-01  -0.17171352E-01  -0.15534846E-03   0.70887048E-04   0.16050594E-03   0.67483179E-03   0.78263794E-03   0.92681066E-03   0.78114835E-03   0.72828536E-03   0.39926015E-03   0.23737267E-03   0.11606325E-01  -0.79109033E-02  -0.56516342E-02  -0.55332910E-02   0.55726629E-03   0.33437092E-04   0.34332243E-03   0.43526586E-03   0.29560458E-03   0.17031894E-03   0.12526601E-03   0.33940305E-04
  0.27443746E-01   0.53405956E-01   0.39476239E-01   0.34781829E-01   0.36520543E-01   0.27779248E-01   0.24586707E-01   0.18601586E-01   0.14121875E-01   0.89092965E-02   0.19339250E-02  -0.14582035E-02  -0.63861498E-02   0.28191170E-02   0.41837738E-04   0.24563845E-03   0.10648965E-03   0.48806415E-03   0.34641937E-03   0.20975154E-03   0.89454649E-04   0.44457427E-04  -0.46775116E-05  -0.25162330E-04  -0.15947615E-01  -0.11256131E-01   0.43719408E-03  -0.17050845E-02  -0.79289609E-03   0.52366098E-03   0.17050634E-03   0.44936126E-03   0.37411648E-03   0.39926015E-03   0.40377380E-03   0.26676440E-03  -0.13290258E-01  -0.43458506E-02  -0.68070555E-02  -0.14727652E-02  -0.22823825E-03   0.64568973E-03   0.34665851E-04   0.18483843E-03   0.14736865E-03   0.55761405E-04   0.37012066E-04   0.91793018E-05
  0.29229407E-01   0.32856202E-01   0.24577831E-01   0.17539333E-01   0.19530022E-01   0.15095174E-01   0.13955263E-01   0.10281430E-01   0.84113330E-02   0.64051718E-02   0.19726708E-02  -0.27613316E-02   0.19872159E-02   0.28262958E-02   0.98367409E-03   0.37919732E-03   0.21166336E-03   0.22226093E-03   0.15342538E-03   0.28207393E-04  -0.40896117E-04  -0.63630386E-04  -0.61320750E-04  -0.62206113E-04  -0.16569516E-02  -0.21723327E-02   0.64311464E-03  -0.17500772E-02  -0.38524184E-03   0.57197899E-03   0.17969934E-03   0.26188130E-03   0.23188731E-03   0.23737267E-03   0.26676440E-03   0.29813410E-03  -0.13490546E-01  -0.96555007E-03  -0.50815993E-02  -0.44382623E-03   0.37983107E-04   0.45314659E-03   0.17611791E-03   0.87515098E-04   0.92270042E-04   0.64166522E-05  -0.88209724E-05  -0.36175906E-04
  -5.9243572       -4.2571299       0.51489110       -11.329885       -8.3112153       -10.179392       -7.4010416       -6.5011107       -5.5474150       -4.9341203       -3.8876941       -2.8912252        162.88024        2.0816451        3.3276383       0.50327813      -0.44774164E-02  -0.14830801      -0.13061556      -0.24394394      -0.16858353      -0.16746343      -0.99021446E-01  -0.65064413E-01    721.86997       -31.992323       -19.037445       -1.1017342       0.17078023      -0.39142573       0.12575452      -0.92758969E-01  -0.27381272E-01   0.11606325E-01  -0.13290258E-01  -0.13490546E-01    1485.7884       -17.351137      -0.80952215       -3.3039176       -3.5690803       -1.4806265      -0.21237939E-01  -0.65943785E-01  -0.25820842E-01  -0.42044037E-01  -0.21823218E-01  -0.86342191E-02
  -1.0302930        3.3637455        1.0053185      -0.68241652       -1.4250141       -2.2402883      -0.62171694      -0.33562576E-01  -0.45268247       0.60694948       0.70460088       0.54883624        6.4639320        14.327189        1.8217315      -0.21080864E-02   0.96041099E-01  -0.65880548E-01   0.40680259E-03  -0.95088038E-02  -0.14915040E-02   0.50228999E-02   0.48209413E-02   0.72599701E-02    15.792693        84.344215        3.3896728       0.46406068       0.76741881E-02   0.13448768       0.80412224E-01  -0.29405087E-01   0.11136754E-01  -0.79109033E-02  -0.43458506E-02  -0.96555007E-03   -17.351137        164.63223        3.7903948        2.9049590       0.72704104       0.47733916       0.28229423E-01  -0.26162357E-01  -0.95583420E-02   0.10301375E-01  -0.77718183E-02  -0.47585205E-03
   9.1656767       -1.6153342       -2.0105254      -0.46611480       0.18926227       0.27015730      -0.96430382E-01   0.28248217E-01   0.14984935       0.47862487       0.56594783       0.59298642        3.1582951       0.89718674E-01    1.7706402      -0.29084610       0.61708403E-01   0.23590507E-01   0.51679856E-01   0.11746570E-01   0.52119795E-02   0.64580661E-02   0.97161229E-02   0.91008795E-02    6.2906487        1.6763967        12.263776       0.19372373       0.14850788      -0.11742980E-01   0.10139473E-01  -0.55176310E-03  -0.59369740E-02  -0.56516342E-02  -0.68070555E-02  -0.50815993E-02  -0.80952215        3.7903948        29.802025        1.3018440       0.27242317       0.14238058       0.32539000E-01  -0.10065631E-01  -0.12848441E-02  -0.50446438E-04  -0.58508844E-02  -0.53844618E-03
   5.5254817       0.96216516      -0.45737442E-01   0.25059806      -0.62276607      -0.51875612      -0.54188074      -0.40870684      -0.38291057      -0.28325113      -0.15981437      -0.61860490E-01  -0.65583178       0.54315502      -0.14071607E-01   0.42368705       0.10460629E-01  -0.25867436E-01  -0.13847425E-01  -0.80120212E-02  -0.72754703E-02  -0.58081552E-02  -0.39775437E-02  -0.30392051E-02   -1.9055234        1.5711200       0.56775387        1.9151204       0.13063721       0.19118466E-01  -0.19084289E-02  -0.10204749E-01  -0.85421569E-02  -0.55332910E-02  -0.14727652E-02  -0.44382623E-03   -3.3039176        2.9049590        1.3018440        4.4902056       0.13949727E-01   0.88880575E-01   0.19146787E-01  -0.90550822E-02  -0.36492459E-03   0.34465565E-03  -0.54769301E-03  -0.23988883E-03
   2.6392990       0.99777495       0.66191203       0.53194845E-01   0.58414649E-01   0.58944806E-01   0.11691077       0.87167335E-01   0.40771470E-01   0.41819744E-01   0.80304768E-01   0.91229586E-01  -0.71788127       0.13682922       0.14047549       0.28419975E-01   0.78133069E-01   0.12775021E-01   0.99004531E-02   0.38286217E-02   0.11696452E-02   0.52634624E-03   0.39561141E-03   0.15023176E-02   -2.3717074       0.49462377       0.17298544      -0.12532781E-02   0.35863553       0.21132014E-01   0.16072842E-01   0.95400966E-03   0.19132980E-02   0.55726629E-03  -0.22823825E-03   0.37983107E-04   -3.5690803       0.72704104       0.27242317       0.13949727E-01   0.86718457       0.48330253E-01   0.17130715E-01   0.85665553E-02   0.13067931E-02   0.88944072E-03   0.75464993E-03   0.71858346E-04
  0.80577894       0.61686848       0.29954003       0.79551101E-01  -0.55692191E-01  -0.68970268E-01  -0.62411464E-01  -0.49273752E-01  -0.34611553E-01  -0.18543867E-01  -0.64273141E-02  -0.64730286E-02  -0.15929481       0.99006103E-01   0.27312144E-01   0.31368331E-01   0.17326164E-01   0.13384837E-01   0.40102283E-02   0.40803250E-03  -0.10441179E-02  -0.63533836E-03  -0.51729051E-03  -0.14894864E-03  -0.51393868       0.29463438       0.84413966E-01   0.40501175E-01   0.30992040E-01   0.44942593E-01   0.55057751E-02   0.10950357E-02   0.16147339E-03   0.33437092E-04   0.64568973E-03   0.45314659E-03   -1.4806265       0.47733916       0.14238058       0.88880575E-01   0.48330253E-01   0.11694773       0.78263695E-02   0.15258258E-02  -0.16204309E-03  -0.32983981E-03  -0.46465964E-03  -0.56655098E-03
  0.44016843       0.41776875       0.24194902       0.13876562       0.76813988E-01   0.13685143E-01   0.25299820E-01   0.17521731E-01   0.11471267E-01   0.50736107E-02   0.29920159E-02  -0.41319864E-02   0.43450884E-01   0.33902654E-01   0.25848911E-01   0.17007129E-01   0.91937927E-02   0.52564656E-02   0.32998724E-02   0.14295431E-02   0.74804140E-03   0.24716737E-03   0.77423964E-04  -0.62614029E-04   0.40474164E-03   0.13152438       0.36958939E-01   0.28545295E-01   0.15441340E-01   0.11091758E-01   0.68737276E-02   0.14046584E-02   0.84099123E-03   0.34332243E-03   0.34665851E-04   0.17611791E-03  -0.21237939E-01   0.28229423E-01   0.32539000E-01   0.19146787E-01   0.17130715E-01   0.78263695E-02   0.17785831E-01   0.23086327E-02   0.62073512E-03   0.21432608E-03   0.11131326E-03   0.19175388E-04
  0.25319043       0.27231659       0.19882325       0.15244046       0.12834911       0.80332084E-01   0.55713514E-01   0.42519638E-01   0.31371901E-01   0.20684464E-01   0.13987944E-01   0.69308197E-02  -0.42694259E-01   0.41377187E-02   0.25742378E-02   0.63714132E-02   0.60101460E-02   0.37675951E-02   0.21189564E-02   0.15408754E-02   0.10099884E-02   0.60756583E-03   0.31215972E-03   0.15743649E-03  -0.20481157       0.13975406E-01  -0.69366535E-02   0.12903706E-01   0.84814192E-02   0.39786082E-02   0.35293277E-02   0.22224470E-02   0.98984433E-03   0.43526586E-03   0.18483843E-03   0.87515098E-04  -0.65943785E-01  -0.26162357E-01  -0.10065631E-01  -0.90550822E-02   0.85665553E-02   0.15258258E-02   0.23086327E-02   0.41769345E-02   0.94007234E-03   0.33841027E-03   0.19544764E-03   0.95217652E-04
  0.19566754       0.17068771       0.11424306       0.10149826       0.85758342E-01   0.65468651E-01   0.45921894E-01   0.30513834E-01   0.24793613E-01   0.19166149E-01   0.11870081E-01   0.59573869E-02  -0.13270516E-01   0.59948715E-02   0.30529205E-02   0.41586951E-02   0.24400522E-02   0.19070503E-02   0.12132038E-02   0.88827760E-03   0.66077258E-03   0.46609664E-03   0.27434396E-03   0.14040348E-03  -0.31991076E-01  -0.31133099E-02   0.12934975E-02   0.49611768E-02   0.31262679E-02   0.10582600E-02   0.15140220E-02   0.13621831E-02   0.67008476E-03   0.29560458E-03   0.14736865E-03   0.92270042E-04  -0.25820842E-01  -0.95583420E-02  -0.12848441E-02  -0.36492459E-03   0.13067931E-02  -0.16204309E-03   0.62073512E-03   0.94007234E-03   0.11146665E-02   0.30979618E-03   0.14740069E-03   0.63395890E-04
  0.76299859E-01   0.71740600E-01   0.54521207E-01   0.53372997E-01   0.47207796E-01   0.37544298E-01   0.27189392E-01   0.19036059E-01   0.11225582E-01   0.74443077E-02   0.41508406E-02   0.22211423E-02  -0.95641245E-02   0.26706922E-02  -0.62971103E-03   0.22069642E-02   0.11180319E-02   0.97430276E-03   0.70972414E-03   0.55767633E-03   0.37880493E-03   0.25089186E-03   0.14571049E-03   0.75717340E-04  -0.44481398E-01   0.73380992E-02  -0.27200151E-02   0.48814653E-02   0.93481505E-03   0.24059197E-03   0.58317475E-03   0.48628122E-03   0.33447546E-03   0.17031894E-03   0.55761405E-04   0.64166522E-05  -0.42044037E-01   0.10301375E-01  -0.50446438E-04   0.34465565E-03   0.88944072E-03  -0.32983981E-03   0.21432608E-03   0.33841027E-03   0.30979618E-03   0.37376123E-03   0.16989589E-03   0.81186956E-04
  0.34178593E-01   0.42827582E-01   0.30709395E-01   0.29672875E-01   0.27067733E-01   0.22280172E-01   0.17485374E-01   0.12535461E-01   0.81817795E-02   0.29405312E-02   0.66520227E-03   0.21230307E-03  -0.10339868E-01  -0.23387250E-02  -0.54340118E-03   0.12904725E-02   0.86543664E-03   0.53163256E-03   0.37485899E-03   0.30680168E-03   0.21488677E-03   0.13268073E-03   0.64016588E-04   0.29048412E-04  -0.37897916E-01  -0.29678580E-02  -0.20165104E-02   0.29659405E-02   0.75197302E-03   0.47205027E-04   0.23657331E-03   0.25899504E-03   0.15622380E-03   0.12526601E-03   0.37012066E-04  -0.88209724E-05  -0.21823218E-01  -0.77718183E-02  -0.58508844E-02  -0.54769301E-03   0.75464993E-03  -0.46465964E-03   0.11131326E-03   0.19544764E-03   0.14740069E-03   0.16989589E-03   0.20816284E-03   0.10148619E-03
  0.15142625E-01   0.22598697E-01   0.17289992E-01   0.16663162E-01   0.15423515E-01   0.13695233E-01   0.11336985E-01   0.92438979E-02   0.71982108E-02   0.45607314E-02   0.11197076E-02   0.12292137E-02  -0.69187746E-02   0.83417600E-03  -0.10421617E-03   0.44924889E-03   0.19504126E-03   0.15657154E-03   0.12767102E-03   0.13985044E-03   0.11271558E-03   0.94148035E-04   0.57535188E-04   0.36799479E-04  -0.14987794E-01   0.34101908E-02   0.17106963E-02   0.25302151E-02  -0.52041876E-03  -0.10852353E-03   0.14492550E-03   0.12727224E-03   0.45441549E-04   0.33940305E-04   0.91793018E-05  -0.36175906E-04  -0.86342191E-02  -0.47585205E-03  -0.53844618E-03  -0.23988883E-03   0.71858346E-04  -0.56655098E-03   0.19175388E-04   0.95217652E-04   0.63395890E-04   0.81186956E-04   0.10148619E-03   0.14919363E-03
