   13716.605        139.15668        27.592940        40.319199        172.96130        52.986680        57.903410        34.284089        34.885285        22.834705        18.587718        8.3832994       -163.72517        606.03183       -60.823357        67.288208        22.543412        5.0861417      -0.62891289       0.99291948       0.57936397       0.38222218       0.35473841       0.23158917       -716.85139        688.73331        158.42480        286.07928        1.7082083        18.594178        3.9778326        5.0317084        2.6420836       0.78488734       0.61125667       0.18430987       -1105.5398        805.31289        222.51571        321.52224        122.43071        17.349494       -2.8083876        7.9135363        2.4846063       0.49778827       0.69549280E-01   0.12532906    
   139.15668        2269.6526        141.35167        23.109199        70.855678        29.650227        11.248671       0.37453128       -1.3907373       -1.3553975        1.7793680        2.6942427       -341.30295       -115.65594        117.24963        35.427276        9.4530006       0.32280015        1.1902483       0.74537676       0.41536073       0.38048843E-01   0.75785285E-01   0.28014503E-01   -1879.7534       -852.65917        375.51551        119.52437        15.730660        3.8763390        3.5288872        1.7760269       0.32566889       0.19749320      -0.34437628E-01  -0.12153271E-01   -2494.1586       -1263.1192        312.11206        71.960781        57.301036        7.1598255        4.6718349        3.2600466        1.3569359       0.27412276       0.11397587      -0.15265693E-01
   27.592940        141.35167        668.24964        63.682576        37.426697        35.118005        20.671974        5.2828855        5.7026295        5.6202531        2.5828152        2.2216125        34.706203       -61.524509        40.818992        25.549966        6.2679812        4.2913337        1.1988194       0.39910142       0.24083500       0.12820068       0.69704444E-01   0.59605527E-01    102.83320        119.46904       -22.053527        87.866417        18.405595        15.839205        3.6862063        1.1921284       0.65634435       0.91191677E-01   0.75831631E-01   0.12518994E-01    209.90825        289.28479        14.496723        19.827607        13.682785        14.525390        4.5206233        1.7218233        1.0231869       0.18403498       0.10380954       0.61201836E-01
   40.319199        23.109199        63.682576        199.72785        21.906844        17.471069        8.1829474        4.8572479        3.8653245        1.9022198       0.13484785      -0.93911554E-01    254.61236        31.942411        3.7487250        18.032675        4.0681727        1.8523261       0.73186243       0.39406307       0.24135021       0.10432471       0.21642844E-01   0.62830674E-02    1106.7078        107.40050       -19.860651       -1.4213999        5.0421343        3.2184631        1.7874452       0.56763236       0.18784263       0.13786097       0.79846069E-01   0.25348137E-01    1714.6191       -62.940862       -4.1972073       -8.3470811       -13.504627       0.54011274        2.6472826        1.2630615       0.40089819       0.74746514E-01   0.41301265E-01   0.95579994E-02
   172.96130        70.855678        37.426697        21.906844        82.168660        19.790284        11.435560        5.4606390        4.8682321        3.8444738        1.9736840       0.92305975       -35.918766       -2.9491184        11.439094       -1.3128854        4.8653591        1.3944549       0.76031410       0.30061501       0.22075855       0.13630117       0.59378443E-01   0.25544520E-01   -259.03213        8.6722787        49.817872        2.2884623       -3.1652443       0.11993024        1.2844789       0.60909815       0.29918794       0.87579941E-01   0.56205294E-01   0.20720316E-01   -292.74268        1.8347242        85.509781       0.63608724        4.4841265      -0.83335253       0.31510257       0.96807486       0.40030423       0.10645200       0.23860396E-01  -0.23378714E-02
   52.986680        29.650227        35.118005        17.471069        19.790284        26.315806        8.0978694        3.2432691        2.7112153        2.1595107        1.2960283       0.77901273       -10.461028       -12.167414        2.7306353        1.6913467        1.0177226        1.0383845       0.47504744       0.16406085       0.12286415       0.65342512E-01   0.35073317E-01   0.16785433E-01   -58.982828       -20.893064        27.657561        4.0296833       -2.3667014       0.42559669       0.59386509       0.45276964       0.22848736       0.58675137E-01   0.32675457E-01   0.12757719E-01   -77.141965       -33.138975        43.748651        3.1931720       0.21418129      -0.12799310       0.70571448E-01   0.31832047       0.28309181       0.73231527E-01   0.26578875E-01   0.87832622E-02
   57.903410        11.248671        20.671974        8.1829474        11.435560        8.0978694        10.253079        3.3400422        2.6643073        1.9084095       0.98562854       0.47878874       -3.2328305      -0.78303465       0.27666113       0.24213089       0.63546372       0.54733797       0.32834962       0.15681892       0.11336381       0.58417499E-01   0.32902283E-01   0.12956063E-01   -19.459009        16.107411        8.2139209        2.1625200       -1.7320994       0.69776481      -0.81365307E-01   0.23525600       0.10441464       0.65881521E-01   0.31124770E-01   0.99803144E-02   -24.450138        19.825765        13.630905        3.4169995      -0.75227460        1.1872518       0.47149896E-01   0.14073938       0.10620684       0.46230982E-01   0.10282157E-01   0.46671845E-02
   34.284089       0.37453128        5.2828855        4.8572479        5.4606390        3.2432691        3.3400422        4.4202734        2.1478502        1.4928610       0.74579458       0.41949408        15.001895        3.8576165        1.6747691      -0.52208223       0.29395817       0.15535442       0.72513017E-01   0.11271386       0.84289385E-01   0.48348771E-01   0.22594703E-01   0.97793847E-02    69.525337        11.854087       -1.9937557       -1.4792710      -0.78438395      -0.56948947E-01   0.14398562      -0.27424694E-01   0.42171858E-01   0.37663997E-01   0.15020904E-01   0.69058688E-02    103.15614        23.973218       -3.7440917       -1.1822420       0.21370338       0.42142029E-01   0.28279646E-01   0.11152363      -0.29163783E-01   0.85443404E-02  -0.57028811E-03   0.66087081E-02
   34.885285       -1.3907373        5.7026295        3.8653245        4.8682321        2.7112153        2.6643073        2.1478502        2.9725366        1.6857600       0.98100788       0.56240646       -8.4640045      -0.40804592       0.42505405       0.84362813       0.22613041       0.21249041       0.54410132E-01   0.50838498E-01   0.69096601E-01   0.45258432E-01   0.25842704E-01   0.11938053E-01   -43.657209        16.726157       -2.0506755       0.80803979      -0.36976846       0.25319665       0.11147547       0.36106338E-01  -0.29722040E-02   0.21058434E-01   0.14779924E-01   0.68066024E-02   -60.394509        26.097335       -5.2256611      -0.71816357       0.59110009E-01   0.37481693      -0.36202944E-01   0.84555762E-01  -0.20159739E-03  -0.10050418E-01  -0.15700674E-02   0.58713255E-02
   22.834705       -1.3553975        5.6202531        1.9022198        3.8444738        2.1595107        1.9084095        1.4928610        1.6857600        1.7714553       0.91175810       0.55828715       -2.7645565        1.9594131        1.4999775       0.20162394       0.14051451       0.16055380       0.42422466E-01   0.44604253E-01   0.43304478E-01   0.38096094E-01   0.22670968E-01   0.11884875E-01   -12.829431        15.619302        3.3651256      -0.12212851E-01  -0.24938702       0.28895775       0.34211842E-01   0.26079428E-01   0.71235598E-02  -0.92972084E-03   0.10517960E-01   0.42620541E-02   -19.020015        23.568547        2.7362228       -1.9606894      -0.15759309       0.42721376       0.31315738E-02   0.79116788E-01  -0.10489286E-01   0.76221338E-03  -0.64713192E-02   0.13727076E-02
   18.587718        1.7793680        2.5828152       0.13484785        1.9736840        1.2960283       0.98562854       0.74579458       0.98100788       0.91175810       0.94844180       0.55168534       -13.789320       -1.2566435       0.71355083       0.10581230       0.13564815       0.36723678E-01   0.25822697E-01   0.23355257E-01   0.23059994E-01   0.19911104E-01   0.15710137E-01   0.10040966E-01   -64.640895        4.3511521      -0.37506291E-01   0.55436952      -0.12860982       0.18682004      -0.12024650E-03   0.25339382E-01   0.37935531E-03  -0.13892435E-02   0.11048054E-03   0.14086397E-02   -95.185501        6.7835174       0.36889440      -0.89119783       0.39907833       0.20565791       0.76929492E-01   0.60591544E-01  -0.63070920E-02  -0.20502012E-02  -0.97944689E-03  -0.17238443E-02
   8.3832994        2.6942427        2.2216125      -0.93911554E-01   0.92305975       0.77901273       0.47878874       0.41949408       0.56240646       0.55828715       0.55168534       0.56408752       -1.8890061       -1.4641441      -0.11123995       0.59325187E-01   0.84632054E-01   0.26145548E-01   0.10788780E-02   0.13340135E-01   0.12444741E-01   0.12932916E-01   0.96462789E-02   0.80887409E-02   -11.193792        1.1762390       0.83013358       0.82506432E-01   0.16272697       0.21819754      -0.23383110E-01   0.69485963E-02   0.16567086E-02  -0.11858598E-02  -0.54023978E-03  -0.22944037E-02   -14.194680        5.8511853       0.51789688      -0.17661867       0.46254978       0.17403078      -0.28111612E-02   0.33888774E-01  -0.11035013E-01  -0.21058900E-02   0.10262885E-03  -0.13858484E-03
  -163.72517       -341.30295        34.706203        254.61236       -35.918766       -10.461028       -3.2328305        15.001895       -8.4640045       -2.7645565       -13.789320       -1.8890061        83272.192        343.62956        113.61383        8.7489361       -18.322032        4.7947845       -1.5709493      -0.51706997       0.32943010       0.10893114E-01  -0.89454996E-01  -0.70451669E-01    385457.32        1970.2569        20.503547       -30.336298       -57.786252        12.401262       -6.2979885        2.8891148       0.48976650       0.18126083       0.38730570      -0.84139341E-02    572391.44        2943.2054       -144.58263        11.050749       -150.48648        50.898972       -4.2729103        2.3124216        1.4751686       0.42192847       0.24441089      -0.51846792E-01
   606.03183       -115.65594       -61.524509        31.942411       -2.9491184       -12.167414      -0.78303465        3.8576165      -0.40804592        1.9594131       -1.2566435       -1.4641441        343.62956        1175.5474        3.7918135      -0.12312421E-01    6.5191877       0.13871241      -0.90417237      -0.23153060       0.90160109E-01   0.70092069E-01   0.73057930E-02  -0.24988518E-01    1581.4002        1556.7651       -22.959189       -50.777860       -2.4205533       -3.7907029       -1.9698346      -0.92375120       0.21377679      -0.75121349E-01   0.26003706E-01   0.15107995E-01    2357.4347        1611.8640        29.834423       -82.072255       -12.943792       -2.3373445       -2.6171674       0.18406194      -0.56292913       0.32223952E-01  -0.10113505E-01  -0.88823290E-02
  -60.823357        117.24963        40.818992        3.7487250        11.439094        2.7306353       0.27666113        1.6747691       0.42505405        1.4999775       0.71355083      -0.11123995        113.61383        3.7918135        132.25117      -0.64148258        1.1337715      -0.75385068E-02   0.17977559       0.53707455E-01   0.15495909E-01   0.45521589E-01   0.26286432E-02  -0.31604105E-02    537.24703        25.107588        155.67114       0.41584645        1.9127284       -2.7296234       0.36242471       0.35503626E-01   0.94976215E-01   0.13648160E-01   0.13962607E-01   0.15049955E-01    786.66956        71.744121        40.752370        1.6440075       -3.5510199       0.10975067       0.33906773       0.34400114       0.10067152       0.81865618E-01  -0.17959023E-01  -0.78629487E-02
   67.288208        35.427276        25.549966        18.032675       -1.3128854        1.6913467       0.24213089      -0.52208223       0.84362813       0.20162394       0.10581230       0.59325187E-01    8.7489361      -0.12312421E-01  -0.64148258        26.053512       0.20056283       0.18078910       0.60024829E-01   0.77817036E-01   0.35447708E-01  -0.85801967E-02  -0.35194202E-02   0.43123690E-02    26.504685        18.373691       -15.887171        50.637776        2.0029501       0.77965544       0.21995916       0.17409570      -0.33313153E-01  -0.20552535E-01   0.37915300E-02   0.50003947E-02    53.220027       -33.017444       -10.585325        45.736372       0.90091380       0.98772962       0.81748867E-01   0.15252872       0.33122649E-01  -0.26697108E-01   0.64130028E-02  -0.45713505E-02
   22.543412        9.4530006        6.2679812        4.0681727        4.8653591        1.0177226       0.63546372       0.29395817       0.22613041       0.14051451       0.13564815       0.84632054E-01   -18.322032        6.5191877        1.1337715       0.20056283        2.2434060       0.12586123       0.45729467E-01   0.20479813E-01   0.16676687E-01   0.91256067E-02   0.33161974E-02   0.23910116E-02   -92.433929        20.568598        1.8842525       0.28894501        2.0620029       0.33459557       0.14350569       0.36909932E-02   0.17828895E-01   0.18736889E-03  -0.17429592E-02  -0.17567689E-02   -129.70786       -2.8676617        5.9914130        1.2520236        2.3665255       0.69342236       0.17050050       0.54466473E-01   0.11293023E-01   0.80892601E-02   0.36898216E-03   0.75657850E-03
   5.0861417       0.32280015        4.2913337        1.8523261        1.3944549        1.0383845       0.54733797       0.15535442       0.21249041       0.16055380       0.36723678E-01   0.26145548E-01    4.7947845       0.13871241      -0.75385068E-02   0.18078910       0.12586123       0.42925843       0.23738963E-01   0.17757069E-01   0.89875613E-02   0.37749644E-02   0.85831564E-03   0.64004127E-03    21.902375        7.2288033       0.61491839       0.66024221       0.58554251E-01   0.48895840       0.30429313E-01   0.20822774E-01   0.54097972E-02   0.23849564E-02   0.31060944E-02   0.10748232E-02    32.811136        4.4561739        1.2611860      -0.35228966       0.10585503       0.52743117      -0.13741652E-02   0.23242516E-01   0.15082098E-01   0.35480442E-02  -0.27587389E-03   0.32625719E-03
 -0.62891289        1.1902483        1.1988194       0.73186243       0.76031410       0.47504744       0.32834962       0.72513017E-01   0.54410132E-01   0.42422466E-01   0.25822697E-01   0.10788780E-02   -1.5709493      -0.90417237       0.17977559       0.60024829E-01   0.45729467E-01   0.23738963E-01   0.70361530E-01   0.82704026E-02   0.45347942E-02   0.21549421E-02   0.71298990E-03   0.14380601E-03   -7.3871036       -1.4333028       0.63448684       0.38660585      -0.13241781      -0.14014980E-01   0.41934558E-01   0.33787649E-02   0.19113825E-02   0.10904712E-02   0.11680369E-03   0.25405468E-03   -10.856197       -1.8382514        1.4741040       0.87098272E-01  -0.32727976E-01  -0.65621473E-01   0.64664137E-01   0.12255154E-01   0.58801664E-02   0.25309106E-02   0.69403122E-03  -0.26183853E-03
  0.99291948       0.74537676       0.39910142       0.39406307       0.30061501       0.16406085       0.15681892       0.11271386       0.50838498E-01   0.44604253E-01   0.23355257E-01   0.13340135E-01  -0.51706997      -0.23153060       0.53707455E-01   0.77817036E-01   0.20479813E-01   0.17757069E-01   0.82704026E-02   0.15780900E-01   0.44744974E-02   0.22210541E-02   0.97892649E-03   0.34771784E-03   -2.9014978      -0.37371618       0.13547979       0.98337477E-01  -0.38480979E-01   0.18735267E-01  -0.23316882E-02   0.66193040E-02   0.77881777E-03   0.41900304E-03   0.16206594E-03   0.11326767E-04   -3.8054784      -0.53345189       0.57622033       0.12411807       0.27928577E-01   0.20700659E-01  -0.50734868E-02   0.18683545E-01   0.13971437E-02   0.48570481E-03  -0.30795309E-03  -0.35440696E-03
  0.57936397       0.41536073       0.24083500       0.24135021       0.22075855       0.12286415       0.11336381       0.84289385E-01   0.69096601E-01   0.43304478E-01   0.23059994E-01   0.12444741E-01   0.32943010       0.90160109E-01   0.15495909E-01   0.35447708E-01   0.16676687E-01   0.89875613E-02   0.45347942E-02   0.44744974E-02   0.51793360E-02   0.18257411E-02   0.86167333E-03   0.29582361E-03    1.3171654       0.59442808       0.14245725       0.90899859E-01  -0.30238477E-01   0.50592040E-02   0.50973072E-02   0.28361192E-02   0.39155533E-03   0.47612247E-03   0.16317503E-03   0.20590568E-04    2.1616185       0.40268293       0.22035307       0.76363515E-01   0.14293494E-01   0.95925882E-02   0.45578566E-02   0.53420470E-02   0.90452100E-03   0.49111351E-04  -0.22573264E-03  -0.33247395E-04
  0.38222218       0.38048843E-01   0.12820068       0.10432471       0.13630117       0.65342512E-01   0.58417499E-01   0.48348771E-01   0.45258432E-01   0.38096094E-01   0.19911104E-01   0.12932916E-01   0.10893114E-01   0.70092069E-01   0.45521589E-01  -0.85801967E-02   0.91256067E-02   0.37749644E-02   0.21549421E-02   0.22210541E-02   0.18257411E-02   0.17158842E-02   0.72341271E-03   0.28352589E-03   0.13144570       0.23264791       0.11360484      -0.22683207E-01  -0.95534049E-02   0.81052486E-03   0.20744790E-02   0.14965870E-02   0.22561071E-03  -0.49002893E-05   0.86425535E-04  -0.86841609E-04   0.11487273       0.36386043       0.18494815      -0.52474363E-01  -0.79006202E-02   0.44757634E-02   0.10980696E-02   0.34815251E-02  -0.32162629E-03   0.14641665E-03  -0.16175991E-03  -0.58041932E-05
  0.35473841       0.75785285E-01   0.69704444E-01   0.21642844E-01   0.59378443E-01   0.35073317E-01   0.32902283E-01   0.22594703E-01   0.25842704E-01   0.22670968E-01   0.15710137E-01   0.96462789E-02  -0.89454996E-01   0.73057930E-02   0.26286432E-02  -0.35194202E-02   0.33161974E-02   0.85831564E-03   0.71298990E-03   0.97892649E-03   0.86167333E-03   0.72341271E-03   0.54667885E-03   0.21202026E-03  -0.37731969       0.37109839E-01   0.68256661E-01  -0.89281050E-02  -0.66148032E-02   0.19068962E-02   0.30667233E-03   0.55279291E-03  -0.53689345E-04  -0.11476011E-04   0.12267403E-04  -0.71815464E-04  -0.59673254       0.13571796E-01   0.97861575E-01  -0.17637270E-01   0.39905496E-02   0.17654601E-02  -0.26274814E-03   0.13016496E-02  -0.78043633E-04   0.71188448E-05  -0.81988889E-04   0.92043528E-05
  0.23158917       0.28014503E-01   0.59605527E-01   0.62830674E-02   0.25544520E-01   0.16785433E-01   0.12956063E-01   0.97793847E-02   0.11938053E-01   0.11884875E-01   0.10040966E-01   0.80887409E-02  -0.70451669E-01  -0.24988518E-01  -0.31604105E-02   0.43123690E-02   0.23910116E-02   0.64004127E-03   0.14380601E-03   0.34771784E-03   0.29582361E-03   0.28352589E-03   0.21202026E-03   0.16799902E-03  -0.36128882       0.44469598E-01   0.41064546E-02   0.10300254E-01   0.36238525E-02   0.42275106E-02  -0.29925714E-03   0.36451291E-03   0.17443872E-04  -0.44070858E-04   0.25951149E-05  -0.42797595E-04  -0.50165840       0.50798417E-01  -0.17294166E-02  -0.15871734E-02   0.76881470E-02   0.40946659E-02  -0.24812556E-03   0.83563278E-03  -0.47294585E-04  -0.15311463E-05   0.74393918E-05   0.16060370E-04
  -716.85139       -1879.7534        102.83320        1106.7078       -259.03213       -58.982828       -19.459009        69.525337       -43.657209       -12.829431       -64.640895       -11.193792        385457.32        1581.4002        537.24703        26.504685       -92.433929        21.902375       -7.3871036       -2.9014978        1.3171654       0.13144570      -0.37731969      -0.36128882        1786075.4        9111.9082        102.24695       -98.462776       -253.54863        55.663396       -30.655493        13.986847        1.7922680       0.50911038        1.6936774      -0.70602432E-01    2650441.8        13642.180       -688.28351        63.863611       -693.58101        234.38163       -21.901775        7.3755701        6.7719060        2.1241227        1.0943873      -0.19389481    
   688.73331       -852.65917        119.46904        107.40050        8.6722787       -20.893064        16.107411        11.854087        16.726157        15.619302        4.3511521        1.1762390        1970.2569        1556.7651        25.107588        18.373691        20.568598        7.2288033       -1.4333028      -0.37371618       0.59442808       0.23264791       0.37109839E-01   0.44469598E-01    9111.9082        10111.315       -70.458861       -69.585373        1.7985539        4.0817083      -0.67066322      -0.31667559        1.3655269       0.59221961E-01   0.18667869       0.70340860E-01    13538.937        9876.8589       -11.876197       -116.59799       -72.206545        13.521699       0.53455255        2.6305553       -1.4685353       0.78370318E-01  -0.10778371       0.84947729E-01
   158.42480        375.51551       -22.053527       -19.860651        49.817872        27.657561        8.2139209       -1.9937557       -2.0506755        3.3651256      -0.37506291E-01   0.83013358        20.503547       -22.959189        155.67114       -15.887171        1.8842525       0.61491839       0.63448684       0.13547979       0.14245725       0.11360484       0.68256661E-01   0.41064546E-02    102.24695       -70.458861        933.03945       -17.347387       -4.3746536       -2.7932584        1.9598929       0.76738295       0.50832148       0.10291386       0.52948940E-01  -0.33464035E-02    144.80201        57.538146        805.50862        17.757166        10.182307        3.1938390       -1.0901172       0.16733951       0.56883387       0.40604613      -0.72652662E-01  -0.20495181E-01
   286.07928        119.52437        87.866417       -1.4213999        2.2884623        4.0296833        2.1625200       -1.4792710       0.80803979      -0.12212851E-01   0.55436952       0.82506432E-01   -30.336298       -50.777860       0.41584645        50.637776       0.28894501       0.66024221       0.38660585       0.98337477E-01   0.90899859E-01  -0.22683207E-01  -0.89281050E-02   0.10300254E-01   -98.462776       -69.585373       -17.347387        256.36375        6.9193471        3.8307396        1.4910722       0.46532366      -0.13670642E-01  -0.85245570E-01  -0.30929377E-01   0.49017188E-02   -187.82132       -129.55742        2.3750342        227.04966        14.088190        5.3711654       0.86963692       0.13764200       0.14449827      -0.17301514E-01   0.27024705E-02  -0.32128375E-02
   1.7082083        15.730660        18.405595        5.0421343       -3.1652443       -2.3667014       -1.7320994      -0.78438395      -0.36976846      -0.24938702      -0.12860982       0.16272697       -57.786252       -2.4205533        1.9127284        2.0029501        2.0620029       0.58554251E-01  -0.13241781      -0.38480979E-01  -0.30238477E-01  -0.95534049E-02  -0.66148032E-02   0.36238525E-02   -253.54863        1.7985539       -4.3746536        6.9193471        19.379238        1.1662759      -0.73099809E-01  -0.64921279E-01  -0.33117638E-01  -0.21196677E-01  -0.68277174E-02  -0.81050373E-02   -390.32481       -39.642835       -5.2502231        13.978401        12.668689       0.88174983       0.48844454       0.11545465E-01  -0.52557701E-01   0.44794105E-02   0.11287307E-02   0.67479646E-02
   18.594178        3.8763390        15.839205        3.2184631       0.11993024       0.42559669       0.69776481      -0.56948947E-01   0.25319665       0.28895775       0.18682004       0.21819754        12.401262       -3.7907029       -2.7296234       0.77965544       0.33459557       0.48895840      -0.14014980E-01   0.18735267E-01   0.50592040E-02   0.81052486E-03   0.19068962E-02   0.42275106E-02    55.663396        4.0817083       -2.7932584        3.8307396        1.1662759        3.4854552       0.79048406E-01   0.34640911E-01  -0.12195265E-01   0.24266660E-02   0.72454170E-02   0.11451572E-02    84.378097        1.7268471       0.20707490E-01    3.4894253       0.99850996        2.6886098       0.21897589E-01   0.71773448E-01  -0.41448050E-02   0.68845473E-02  -0.35668374E-02   0.14845699E-02
   3.9778326        3.5288872        3.6862063        1.7874452        1.2844789       0.59386509      -0.81365307E-01   0.14398562       0.11147547       0.34211842E-01  -0.12024650E-03  -0.23383110E-01   -6.2979885       -1.9698346       0.36242471       0.21995916       0.14350569       0.30429313E-01   0.41934558E-01  -0.23316882E-02   0.50973072E-02   0.20744790E-02   0.30667233E-03  -0.29925714E-03   -30.655493      -0.67066322        1.9598929        1.4910722      -0.73099809E-01   0.79048406E-01   0.48357093      -0.42786004E-02  -0.34735579E-02  -0.11310780E-04   0.12714415E-03   0.95889318E-03   -44.033235       -4.7887272        4.7394437       0.95740524      -0.38767573E-01  -0.34440813E-02   0.27646607       0.48507223E-02   0.14996866E-01   0.28692090E-02  -0.96088480E-03   0.64215368E-03
   5.0317084        1.7760269        1.1921284       0.56763236       0.60909815       0.45276964       0.23525600      -0.27424694E-01   0.36106338E-01   0.26079428E-01   0.25339382E-01   0.69485963E-02    2.8891148      -0.92375120       0.35503626E-01   0.17409570       0.36909932E-02   0.20822774E-01   0.33787649E-02   0.66193040E-02   0.28361192E-02   0.14965870E-02   0.55279291E-03   0.36451291E-03    13.986847      -0.31667559       0.76738295       0.46532366      -0.64921279E-01   0.34640911E-01  -0.42786004E-02   0.76437709E-01   0.51505063E-02   0.13706092E-02   0.10337553E-02   0.37755848E-03    20.161645      -0.56514046        1.4453317       0.22075599      -0.88769971E-01   0.52994967E-01  -0.10939117E-01   0.34927999E-01   0.89842110E-02   0.23893422E-02   0.97038930E-03  -0.21614528E-03
   2.6420836       0.32566889       0.65634435       0.18784263       0.29918794       0.22848736       0.10441464       0.42171858E-01  -0.29722040E-02   0.71235598E-02   0.37935531E-03   0.16567086E-02   0.48976650       0.21377679       0.94976215E-01  -0.33313153E-01   0.17828895E-01   0.54097972E-02   0.19113825E-02   0.77881777E-03   0.39155533E-03   0.22561071E-03  -0.53689345E-04   0.17443872E-04    1.7922680        1.3655269       0.50832148      -0.13670642E-01  -0.33117638E-01  -0.12195265E-01  -0.34735579E-02   0.51505063E-02   0.15301606E-01   0.15371176E-02   0.69824921E-03   0.17577106E-03    3.1316408        2.9559275       0.87433923       0.17194672      -0.79888741E-02  -0.17167862E-01  -0.35338664E-02   0.52574303E-02   0.70421353E-02   0.98961469E-03   0.62078082E-03   0.20486182E-03
  0.78488734       0.19749320       0.91191677E-01   0.13786097       0.87579941E-01   0.58675137E-01   0.65881521E-01   0.37663997E-01   0.21058434E-01  -0.92972084E-03  -0.13892435E-02  -0.11858598E-02   0.18126083      -0.75121349E-01   0.13648160E-01  -0.20552535E-01   0.18736889E-03   0.23849564E-02   0.10904712E-02   0.41900304E-03   0.47612247E-03  -0.49002893E-05  -0.11476011E-04  -0.44070858E-04   0.50911038       0.59221961E-01   0.10291386      -0.85245570E-01  -0.21196677E-01   0.24266660E-02  -0.11310780E-04   0.13706092E-02   0.15371176E-02   0.33744098E-02   0.70808106E-03   0.30784686E-03    1.0828870       0.49789257       0.14382207      -0.56126895E-01  -0.29570852E-01  -0.16358005E-02  -0.41267890E-02  -0.22180767E-03   0.60530087E-03   0.13156424E-03  -0.36675626E-04  -0.39623110E-05
  0.61125667      -0.34437628E-01   0.75831631E-01   0.79846069E-01   0.56205294E-01   0.32675457E-01   0.31124770E-01   0.15020904E-01   0.14779924E-01   0.10517960E-01   0.11048054E-03  -0.54023978E-03   0.38730570       0.26003706E-01   0.13962607E-01   0.37915300E-02  -0.17429592E-02   0.31060944E-02   0.11680369E-03   0.16206594E-03   0.16317503E-03   0.86425535E-04   0.12267403E-04   0.25951149E-05    1.6936774       0.18667869       0.52948940E-01  -0.30929377E-01  -0.68277174E-02   0.72454170E-02   0.12714415E-03   0.10337553E-02   0.69824921E-03   0.70808106E-03   0.80254328E-03   0.21776461E-03    2.6131654       0.36899007       0.65684250E-01  -0.22107544E-01  -0.20242254E-01   0.48080162E-02  -0.25615200E-02   0.95134439E-03   0.48702991E-03   0.14647532E-04  -0.74259014E-04  -0.26861632E-04
  0.18430987      -0.12153271E-01   0.12518994E-01   0.25348137E-01   0.20720316E-01   0.12757719E-01   0.99803144E-02   0.69058688E-02   0.68066024E-02   0.42620541E-02   0.14086397E-02  -0.22944037E-02  -0.84139341E-02   0.15107995E-01   0.15049955E-01   0.50003947E-02  -0.17567689E-02   0.10748232E-02   0.25405468E-03   0.11326767E-04   0.20590568E-04  -0.86841609E-04  -0.71815464E-04  -0.42797595E-04  -0.70602432E-01   0.70340860E-01  -0.33464035E-02   0.49017188E-02  -0.81050373E-02   0.11451572E-02   0.95889318E-03   0.37755848E-03   0.17577106E-03   0.30784686E-03   0.21776461E-03   0.30249332E-03  -0.73504115E-01   0.15155268      -0.73331038E-02  -0.27526097E-01  -0.59453068E-02   0.83073295E-03  -0.31115239E-03   0.43150349E-03   0.72433238E-04  -0.22075276E-04   0.17265665E-04  -0.64282157E-04
  -1105.5398       -2494.1586        209.90825        1714.6191       -292.74268       -77.141965       -24.450138        103.15614       -60.394509       -19.020015       -95.185501       -14.194680        572391.44        2357.4347        786.66956        53.220027       -129.70786        32.811136       -10.856197       -3.8054784        2.1616185       0.11487273      -0.59673254      -0.50165840        2650441.8        13538.937        144.80201       -187.82132       -390.32481        84.378097       -44.033235        20.161645        3.1316408        1.0828870        2.6131654      -0.73504115E-01    3934919.0        20239.866       -1003.6335        82.246770       -1032.9397        349.25802       -30.421347        14.249623        10.112207        2.9848336        1.6617351      -0.33361698    
   805.31289       -1263.1192        289.28479       -62.940862        1.8347242       -33.138975        19.825765        23.973218        26.097335        23.568547        6.7835174        5.8511853        2943.2054        1611.8640        71.744121       -33.017444       -2.8676617        4.4561739       -1.8382514      -0.53345189       0.40268293       0.36386043       0.13571796E-01   0.50798417E-01    13642.180        9876.8589        57.538146       -129.55742       -39.642835        1.7268471       -4.7887272      -0.56514046        2.9559275       0.49789257       0.36899007       0.15155268        20239.866        24139.571        525.95844        35.957606       -139.47776       -9.4401449       -2.4030771        3.8975360       -1.4968697       0.51980231       0.76038417E-03   0.21633495    
   222.51571        312.11206        14.496723       -4.1972073        85.509781        43.748651        13.630905       -3.7440917       -5.2256611        2.7362228       0.36889440       0.51789688       -144.58263        29.834423        40.752370       -10.585325        5.9914130        1.2611860        1.4741040       0.57622033       0.22035307       0.18494815       0.97861575E-01  -0.17294166E-02   -688.28351       -11.876197        805.50862        2.3750342       -5.2502231       0.20707490E-01    4.7394437        1.4453317       0.87433923       0.14382207       0.65684250E-01  -0.73331038E-02   -1003.6335        525.95844        2042.8872       -8.6089690        7.1641403        2.0330076      -0.83475656       0.98333351       0.85267014       0.44852794      -0.61784711E-01  -0.62033918E-01
   321.52224        71.960781        19.827607       -8.3470811       0.63608724        3.1931720        3.4169995       -1.1822420      -0.71816357       -1.9606894      -0.89119783      -0.17661867        11.050749       -82.072255        1.6440075        45.736372        1.2520236      -0.35228966       0.87098272E-01   0.12411807       0.76363515E-01  -0.52474363E-01  -0.17637270E-01  -0.15871734E-02    63.863611       -116.59799        17.757166        227.04966        13.978401        3.4894253       0.95740524       0.22075599       0.17194672      -0.56126895E-01  -0.22107544E-01  -0.27526097E-01    82.246770        35.957606       -8.6089690        413.27370        15.342939        4.3001160       0.91809030E-01  -0.99007373E-01   0.11806394       0.79567672E-01  -0.45093829E-02   0.13963345E-01
   122.43071        57.301036        13.682785       -13.504627        4.4841265       0.21418129      -0.75227460       0.21370338       0.59110009E-01  -0.15759309       0.39907833       0.46254978       -150.48648       -12.943792       -3.5510199       0.90091380        2.3665255       0.10585503      -0.32727976E-01   0.27928577E-01   0.14293494E-01  -0.79006202E-02   0.39905496E-02   0.76881470E-02   -693.58101       -72.206545        10.182307        14.088190        12.668689       0.99850996      -0.38767573E-01  -0.88769971E-01  -0.79888741E-02  -0.29570852E-01  -0.20242254E-01  -0.59453068E-02   -1032.9397       -139.47776        7.1641403        15.342939        36.069617        1.1481234       0.20140474       0.13195863       0.30419470E-01   0.19963935E-02   0.61830527E-02   0.47336288E-02
   17.349494        7.1598255        14.525390       0.54011274      -0.83335253      -0.12799310        1.1872518       0.42142029E-01   0.37481693       0.42721376       0.20565791       0.17403078        50.898972       -2.3373445       0.10975067       0.98772962       0.69342236       0.52743117      -0.65621473E-01   0.20700659E-01   0.95925882E-02   0.44757634E-02   0.17654601E-02   0.40946659E-02    234.38163        13.521699        3.1938390        5.3711654       0.88174983        2.6886098      -0.34440813E-02   0.52994967E-01  -0.17167862E-01  -0.16358005E-02   0.48080162E-02   0.83073295E-03    349.25802       -9.4401449        2.0330076        4.3001160        1.1481234        5.8984856      -0.66634675E-01   0.20948016E-01  -0.19929534E-01   0.78845299E-02  -0.92906089E-02   0.48079417E-03
  -2.8083876        4.6718349        4.5206233        2.6472826       0.31510257       0.70571448E-01   0.47149896E-01   0.28279646E-01  -0.36202944E-01   0.31315738E-02   0.76929492E-01  -0.28111612E-02   -4.2729103       -2.6171674       0.33906773       0.81748867E-01   0.17050050      -0.13741652E-02   0.64664137E-01  -0.50734868E-02   0.45578566E-02   0.10980696E-02  -0.26274814E-03  -0.24812556E-03   -21.901775       0.53455255       -1.0901172       0.86963692       0.48844454       0.21897589E-01   0.27646607      -0.10939117E-01  -0.35338664E-02  -0.41267890E-02  -0.25615200E-02  -0.31115239E-03   -30.421347       -2.4030771      -0.83475656       0.91809030E-01   0.20140474      -0.66634675E-01   0.84353851       0.39100368E-01  -0.34718104E-02   0.42393184E-02   0.16314865E-02   0.11524261E-02
   7.9135363        3.2600466        1.7218233        1.2630615       0.96807486       0.31832047       0.14073938       0.11152363       0.84555762E-01   0.79116788E-01   0.60591544E-01   0.33888774E-01    2.3124216       0.18406194       0.34400114       0.15252872       0.54466473E-01   0.23242516E-01   0.12255154E-01   0.18683545E-01   0.53420470E-02   0.34815251E-02   0.13016496E-02   0.83563278E-03    7.3755701        2.6305553       0.16733951       0.13764200       0.11545465E-01   0.71773448E-01   0.48507223E-02   0.34927999E-01   0.52574303E-02  -0.22180767E-03   0.95134439E-03   0.43150349E-03    14.249623        3.8975360       0.98333351      -0.99007373E-01   0.13195863       0.20948016E-01   0.39100368E-01   0.14699864       0.88052945E-02   0.22159308E-02  -0.23374505E-03  -0.49243366E-03
   2.4846063        1.3569359        1.0231869       0.40089819       0.40030423       0.28309181       0.10620684      -0.29163783E-01  -0.20159739E-03  -0.10489286E-01  -0.63070920E-02  -0.11035013E-01    1.4751686      -0.56292913       0.10067152       0.33122649E-01   0.11293023E-01   0.15082098E-01   0.58801664E-02   0.13971437E-02   0.90452100E-03  -0.32162629E-03  -0.78043633E-04  -0.47294585E-04    6.7719060       -1.4685353       0.56883387       0.14449827      -0.52557701E-01  -0.41448050E-02   0.14996866E-01   0.89842110E-02   0.70421353E-02   0.60530087E-03   0.48702991E-03   0.72433238E-04    10.112207       -1.4968697       0.85267014       0.11806394       0.30419470E-01  -0.19929534E-01  -0.34718104E-02   0.88052945E-02   0.28089370E-01   0.10123687E-02   0.57912645E-03   0.16079239E-03
  0.49778827       0.27412276       0.18403498       0.74746514E-01   0.10645200       0.73231527E-01   0.46230982E-01   0.85443404E-02  -0.10050418E-01   0.76221338E-03  -0.20502012E-02  -0.21058900E-02   0.42192847       0.32223952E-01   0.81865618E-01  -0.26697108E-01   0.80892601E-02   0.35480442E-02   0.25309106E-02   0.48570481E-03   0.49111351E-04   0.14641665E-03   0.71188448E-05  -0.15311463E-05    2.1241227       0.78370318E-01   0.40604613      -0.17301514E-01   0.44794105E-02   0.68845473E-02   0.28692090E-02   0.23893422E-02   0.98961469E-03   0.13156424E-03   0.14647532E-04  -0.22075276E-04    2.9848336       0.51980231       0.44852794       0.79567672E-01   0.19963935E-02   0.78845299E-02   0.42393184E-02   0.22159308E-02   0.10123687E-02   0.34268356E-02   0.22085140E-03   0.66293586E-04
  0.69549280E-01   0.11397587       0.10380954       0.41301265E-01   0.23860396E-01   0.26578875E-01   0.10282157E-01  -0.57028811E-03  -0.15700674E-02  -0.64713192E-02  -0.97944689E-03   0.10262885E-03   0.24441089      -0.10113505E-01  -0.17959023E-01   0.64130028E-02   0.36898216E-03  -0.27587389E-03   0.69403122E-03  -0.30795309E-03  -0.22573264E-03  -0.16175991E-03  -0.81988889E-04   0.74393918E-05    1.0943873      -0.10778371      -0.72652662E-01   0.27024705E-02   0.11287307E-02  -0.35668374E-02  -0.96088480E-03   0.97038930E-03   0.62078082E-03  -0.36675626E-04  -0.74259014E-04   0.17265665E-04    1.6617351       0.76038417E-03  -0.61784711E-01  -0.45093829E-02   0.61830527E-02  -0.92906089E-02   0.16314865E-02  -0.23374505E-03   0.57912645E-03   0.22085140E-03   0.94299311E-03   0.13698365E-03
  0.12532906      -0.15265693E-01   0.61201836E-01   0.95579994E-02  -0.23378714E-02   0.87832622E-02   0.46671845E-02   0.66087081E-02   0.58713255E-02   0.13727076E-02  -0.17238443E-02  -0.13858484E-03  -0.51846792E-01  -0.88823290E-02  -0.78629487E-02  -0.45713505E-02   0.75657850E-03   0.32625719E-03  -0.26183853E-03  -0.35440696E-03  -0.33247395E-04  -0.58041932E-05   0.92043528E-05   0.16060370E-04  -0.19389481       0.84947729E-01  -0.20495181E-01  -0.32128375E-02   0.67479646E-02   0.14845699E-02   0.64215368E-03  -0.21614528E-03   0.20486182E-03  -0.39623110E-05  -0.26861632E-04  -0.64282157E-04  -0.33361698       0.21633495      -0.62033918E-01   0.13963345E-01   0.47336288E-02   0.48079417E-03   0.11524261E-02  -0.49243366E-03   0.16079239E-03   0.66293586E-04   0.13698365E-03   0.36840644E-03
