   857.62901        738.55612        642.75669        501.37947        395.81997        276.05375        192.55805        122.88225        60.016535        25.723647        18.007978        9.2609807        19.265407        12.421008        18.418544        15.956932        13.412109        9.5552713        6.3503498        4.1215673        2.6238599        1.2731359       0.58739242       0.34732435       -10.094325      -0.91803645        1.8873260       0.10634703        6.1757786        7.1773683        6.7236597        4.9012774        3.5236384        2.2135031       0.86797912       0.73505772E-01   -38.497036        16.334428       -11.785200        2.4261706        2.0465019        2.5685836        3.8136918        3.8792001        2.6130103        1.7334139       0.88465187       0.35800583    
   738.55612        677.49346        588.43631        459.29723        362.66575        252.74962        177.13153        113.01552        55.884576        24.861396        15.844228        7.6024283        16.282121        11.699212        15.644395        14.092112        12.161815        8.6440316        5.8148992        3.8442706        2.4583687        1.2092253       0.55095634       0.31070369       -1.6366344       -1.2101668      -0.68843845       -1.7451505        5.2020966        6.5407380        6.1035668        4.5189513        3.3069770        2.0700528       0.81542946       0.77444686E-01   -23.147502        12.574961       -11.623687      -0.39496232        1.2996436        2.1618964        3.4591211        3.4835533        2.4111465        1.6114762       0.79346382       0.32741102    
   642.75669        588.43631        527.10678        418.60320        336.30118        240.45325        174.24742        113.77952        57.310403        25.630730        15.170475        7.4677632        12.292258        8.8954908        13.047882        12.005635        10.749034        7.8218278        5.4040782        3.6442072        2.3771067        1.1785401       0.53473463       0.30019469       -5.2284360       -1.8854949       -2.6367787       -2.2870771        4.1770723        5.5490509        5.3775059        4.0298523        3.0238230        1.9715649       0.82482145       0.10468035       -31.739686        11.205249       -12.119587      -0.81364495       0.68609176        1.6041519        2.9625354        3.0668490        2.1091219        1.4770327       0.75929581       0.32773509    
   501.37947        459.29723        418.60320        346.59597        284.05614        208.70714        155.88587        103.82109        53.146881        23.957862        13.135558        6.8852256        8.5797675        6.1739566        9.9790606        9.3425579        8.6495242        6.4482133        4.5666396        3.1383161        2.0891558        1.0420774       0.47059080       0.26817478       -3.9240360      -0.33820723       -2.5368979       -2.3128180        2.7353435        4.1698074        4.2681002        3.2485166        2.5060080        1.7324044       0.77362488       0.12158936       -28.856398        9.4118842       -11.653422      -0.36713192       0.10272561       0.96928170        2.2284437        2.4272108        1.6467829        1.2132529       0.66338551       0.29997636    
   395.81997        362.66575        336.30118        284.05614        239.07725        180.06786        137.46833        92.822943        48.727443        22.569160        11.606142        6.2575885        5.9122474        4.2461565        7.6564531        7.2284355        6.9139976        5.3015936        3.8429726        2.6685989        1.8040996       0.90669005       0.40727834       0.23960924       -4.9309049      -0.15210295       -2.8190022       -1.9531642        1.8520295        3.1210723        3.3873480        2.6240671        2.0571444        1.4742303       0.69260132       0.12445476       -25.534766        9.3181887       -10.947731      -0.17659647      -0.68117159E-01   0.52101567        1.6635101        1.9206960        1.2986830       0.99211681       0.56267097       0.27020014    
   276.05375        252.74962        240.45325        208.70714        180.06786        141.78948        113.08318        78.741634        42.868271        20.749669        9.8183338        5.4435466        3.3402007        2.7273480        5.0777291        4.7916937        4.8004231        3.8324266        2.8981899        2.0698239        1.4385890       0.73491263       0.33099107       0.19864725       -5.2322905       0.18413551       -2.4161872       -1.3834381        1.0851699        1.9573105        2.3235869        1.8295960        1.4909981        1.1462563       0.58981256       0.13532146       -22.746577        7.9839126       -9.4419083      -0.94177703E-02  -0.12163269       0.13316849        1.0526155        1.3209962       0.86356316       0.71760953       0.43666931       0.22948152    
   192.55805        177.13153        174.24742        155.88587        137.46833        113.08318        96.078394        69.818467        39.312213        19.572197        8.5058773        4.8710412       0.84349651        2.0767676        3.2549202        3.0545332        3.2865066        2.7474811        2.2060043        1.6624244        1.2012682       0.62667072       0.28204116       0.16903908       -6.5932555       0.44709704       -2.1110221       -1.1190332       0.57562018        1.2076341        1.5585963        1.2353930        1.0823899       0.91771967       0.52015024       0.14464725       -24.185853        5.2353928       -8.1394657       0.19962317E-01  -0.22500055      -0.10727072       0.68194218       0.90394856       0.53621008       0.51858357       0.35107361       0.20470579    
   122.88225        113.01552        113.77952        103.82109        92.822943        78.741634        69.818467        53.843351        31.998841        16.829516        7.1878745        3.9824346      -0.82268633        1.5137089        1.8793563        1.7427732        2.0153939        1.7320445        1.4332483        1.1455060       0.86681581       0.46632565       0.21545183       0.12966260       -5.3403704       0.55482700       -1.3978345      -0.68346918       0.28594385       0.70346543       0.98688492       0.72393106       0.66497078       0.62753123       0.39231928       0.13796621       -19.807653        2.0370204       -5.7128397       0.96488059E-01  -0.22580091      -0.19024765       0.41955797       0.59134332       0.28368503       0.31126827       0.23165675       0.15293731    
   60.016535        55.884576        57.310403        53.146881        48.727443        42.868271        39.312213        31.998841        21.499809        12.792602        5.3530014        2.7142249       -2.0250448       0.38634798       0.68890183       0.74918601       0.94175922       0.85370497       0.73078760       0.61578062       0.49200310       0.28601987       0.14056479       0.83134061E-01   -4.0600570      -0.19836255      -0.89390984      -0.39518842       0.36824879E-01   0.27917462       0.47925898       0.34042384       0.29544282       0.31417331       0.23316957       0.11153803       -12.143791       0.59966195E-01   -3.1692332      -0.61625770E-01  -0.14862038      -0.22320904       0.18951912       0.28921573       0.11388158       0.12246327       0.94260633E-01   0.86282558E-01
   25.723647        24.861396        25.630730        23.957862        22.569160        20.749669        19.572197        16.829516        12.792602        8.9613175        3.8029899        1.7777725       -1.8990586       0.24428020E-01   0.15906900       0.26738732       0.37152846       0.36676458       0.32755540       0.29215721       0.24509769       0.15935005       0.84967319E-01   0.49990228E-01   -2.6998195      -0.35861912      -0.56938357      -0.20095434      -0.53965996E-01   0.82232055E-01   0.20591808       0.14314119       0.10544622       0.12644394       0.12299526       0.79823087E-01   -5.5927068      -0.60428339       -1.4478150      -0.13408245      -0.89911939E-01  -0.17632090       0.70157804E-01   0.11839453       0.34297401E-01   0.28825743E-01   0.14829987E-01   0.39517453E-01
   18.007978        15.844228        15.170475        13.135558        11.606142        9.8183338        8.5058773        7.1878745        5.3530014        3.8029899        2.5149661        1.2582827      -0.39818693       0.17326349       0.38761750       0.27836365       0.28724325       0.23020135       0.16976016       0.13127839       0.10511039       0.64261944E-01   0.39987130E-01   0.28584433E-01   0.11749368      -0.40341784       0.22169116E-01   0.64946074E-01   0.66822280E-01   0.11568261       0.15355685       0.93021990E-01   0.59356580E-01   0.62842024E-01   0.48352886E-01   0.34274927E-01  -0.43712513      -0.14667864      -0.58493948       0.13950706       0.25455214E-01  -0.13761165E-01   0.65526130E-01   0.87354515E-01   0.33985991E-01   0.17233170E-01   0.99029257E-02   0.85484964E-02
   9.2609807        7.6024283        7.4677632        6.8852256        6.2575885        5.4435466        4.8710412        3.9824346        2.7142249        1.7777725        1.2582827        1.1452149      -0.58316790E-02   0.77164316E-01   0.25138135       0.14172067       0.16365601       0.12860235       0.10029938       0.78903967E-01   0.61945414E-01   0.35297046E-01   0.20684283E-01   0.19839524E-01  -0.52292732       0.11686891       0.83871018E-01   0.26359331E-01   0.56436899E-01   0.64167897E-01   0.72925445E-01   0.39129445E-01   0.29635351E-01   0.34940720E-01   0.27209441E-01   0.11169441E-01  -0.75335050       0.22289016      -0.57633798       0.16002268       0.33434809E-01   0.68355908E-02   0.29089446E-01   0.45037085E-01   0.12041612E-01   0.94243718E-02   0.93868597E-02   0.33065247E-02
   19.265407        16.282121        12.292258        8.5797675        5.9122474        3.3402007       0.84349651      -0.82268633       -2.0250448       -1.8990586      -0.39818693      -0.58316790E-02    15.308443       0.86418578       0.86939209       0.63843220       0.40774635       0.23203909       0.10746220       0.48807148E-01   0.13122239E-01  -0.37851892E-02  -0.29468709E-02   0.22507588E-03    23.197827        2.0346104        1.2971659       0.69792371       0.34916562       0.25804346       0.15281295       0.81216257E-01   0.71533905E-01   0.29601409E-01  -0.12003540E-01  -0.27872757E-01    26.617341        3.9233861      -0.72196243E-01   0.43438127       0.26469304       0.26917171       0.97644145E-01   0.65158750E-01   0.56234823E-01   0.43970068E-01   0.38527556E-01   0.60196676E-02
   12.421008        11.699212        8.8954908        6.1739566        4.2461565        2.7273480        2.0767676        1.5137089       0.38634798       0.24428020E-01   0.17326349       0.77164316E-01   0.86418578        2.9662532       0.51534572       0.28801599       0.22300648       0.11874079       0.65675397E-01   0.45248588E-01   0.26611242E-01   0.82092837E-02   0.43145849E-02   0.34064862E-02   0.79334908        2.2098765       0.55075586       0.28966674       0.27216635       0.17124414       0.10214086       0.39745339E-01   0.40419285E-01   0.25287563E-01   0.47251787E-02  -0.12145342E-02  -0.42196919        1.3183655       0.38069932       0.41068284       0.14571604       0.11521674       0.81722831E-01   0.53747383E-01   0.27390989E-01   0.19088586E-01   0.14259499E-01   0.38559823E-02
   18.418544        15.644395        13.047882        9.9790606        7.6564531        5.0777291        3.2549202        1.8793563       0.68890183       0.15906900       0.38761750       0.25138135       0.86939209       0.51534572       0.90477198       0.45751533       0.34024021       0.22608137       0.13516531       0.82092530E-01   0.48833063E-01   0.21927027E-01   0.94134610E-02   0.72296409E-02   0.24823602       0.20200288       0.66714967       0.23549873       0.19325671       0.19081335       0.15356301       0.10333932       0.69129248E-01   0.41454918E-01   0.12283106E-01  -0.25076064E-02   0.41074973       0.43007986       0.29101501       0.21385308       0.12408967       0.10931152       0.93685193E-01   0.89055470E-01   0.56897878E-01   0.34029938E-01   0.19889760E-01   0.45007718E-02
   15.956932        14.092112        12.005635        9.3425579        7.2284355        4.7916937        3.0545332        1.7427732       0.74918601       0.26738732       0.27836365       0.14172067       0.63843220       0.28801599       0.45751533       0.42407641       0.29888139       0.20613672       0.12863958       0.78871462E-01   0.47398482E-01   0.22923999E-01   0.10200511E-01   0.58789784E-02   0.63608933       0.10600811E-01   0.83195164E-01   0.10065581       0.13581867       0.15990600       0.14057274       0.10217703       0.67590276E-01   0.38489345E-01   0.12552593E-01  -0.11995794E-02   0.50244402       0.35882758      -0.85925139E-01   0.11579193       0.56354824E-01   0.68875277E-01   0.80182054E-01   0.78302984E-01   0.55035457E-01   0.32923448E-01   0.15460374E-01   0.45738386E-02
   13.412109        12.161815        10.749034        8.6495242        6.9139976        4.8004231        3.2865066        2.0153939       0.94175922       0.37152846       0.28724325       0.16365601       0.40774635       0.22300648       0.34024021       0.29888139       0.26544351       0.18268071       0.11984455       0.76885129E-01   0.47782318E-01   0.22887896E-01   0.10270615E-01   0.59362963E-02   0.51252919       0.68286909E-02  -0.65038400E-02  -0.19528268E-01   0.10715889       0.13026036       0.12298902       0.90626868E-01   0.64239648E-01   0.40089665E-01   0.14981079E-01   0.30065543E-03   0.87159648E-01   0.16890067      -0.19265939       0.25734439E-01   0.27474789E-01   0.47269027E-01   0.66199268E-01   0.67744692E-01   0.47594046E-01   0.30472885E-01   0.15435509E-01   0.54488541E-02
   9.5552713        8.6440316        7.8218278        6.4482133        5.3015936        3.8324266        2.7474811        1.7320445       0.85370497       0.36676458       0.23020135       0.12860235       0.23203909       0.11874079       0.22608137       0.20613672       0.18268071       0.13892329       0.94909754E-01   0.62528956E-01   0.40018548E-01   0.20086854E-01   0.88257911E-02   0.48785022E-02   0.14411613      -0.34935330E-01  -0.34856299E-01  -0.25622164E-01   0.56078566E-01   0.85366284E-01   0.85944680E-01   0.67001362E-01   0.48480234E-01   0.31203894E-01   0.12901917E-01   0.82338625E-03  -0.12686545       0.21819441      -0.18216715       0.93114056E-02   0.62583937E-02   0.26144292E-01   0.42818506E-01   0.47478445E-01   0.33798796E-01   0.22809151E-01   0.11755078E-01   0.45998845E-02
   6.3503498        5.8148992        5.4040782        4.5666396        3.8429726        2.8981899        2.2060043        1.4332483       0.73078760       0.32755540       0.16976016       0.10029938       0.10746220       0.65675397E-01   0.13516531       0.12863958       0.11984455       0.94909754E-01   0.70691988E-01   0.48577070E-01   0.32038177E-01   0.16471577E-01   0.71048568E-02   0.38323166E-02  -0.15555217E-01  -0.28453957E-01  -0.51290615E-01  -0.33059672E-01   0.30457131E-01   0.51563594E-01   0.54194256E-01   0.44912881E-01   0.34662331E-01   0.23514541E-01   0.10631228E-01   0.10467977E-02  -0.22685658       0.19155181      -0.17011057      -0.21564398E-02  -0.11683719E-02   0.11482215E-01   0.26176334E-01   0.29806301E-01   0.21794164E-01   0.16270916E-01   0.88418469E-02   0.38726392E-02
   4.1215673        3.8442706        3.6442072        3.1383161        2.6685989        2.0698239        1.6624244        1.1455060       0.61578062       0.29215721       0.13127839       0.78903967E-01   0.48807148E-01   0.45248588E-01   0.82092530E-01   0.78871462E-01   0.76885129E-01   0.62528956E-01   0.48577070E-01   0.35945688E-01   0.24867770E-01   0.13220561E-01   0.56873354E-02   0.29320899E-02  -0.59952325E-01  -0.14885218E-01  -0.40361962E-01  -0.27146545E-01   0.17263898E-01   0.32522715E-01   0.34583919E-01   0.28025690E-01   0.22865942E-01   0.16683805E-01   0.82931725E-02   0.12800609E-02  -0.27360217       0.10832501      -0.12778946      -0.66507159E-02  -0.40714445E-02   0.42814486E-02   0.16898832E-01   0.19443970E-01   0.13030808E-01   0.10657416E-01   0.61862854E-02   0.31398762E-02
   2.6238599        2.4583687        2.3771067        2.0891558        1.8040996        1.4385890        1.2012682       0.86681581       0.49200310       0.24509769       0.10511039       0.61945414E-01   0.13122239E-01   0.26611242E-01   0.48833063E-01   0.47398482E-01   0.47782318E-01   0.40018548E-01   0.32038177E-01   0.24867770E-01   0.18169486E-01   0.99479567E-02   0.43408836E-02   0.22278415E-02  -0.81345507E-01  -0.12215420E-01  -0.27694744E-01  -0.16300676E-01   0.90947807E-02   0.19828038E-01   0.21750440E-01   0.17031517E-01   0.14264037E-01   0.11320562E-01   0.61101507E-02   0.12877469E-02  -0.25170690       0.62413804E-01  -0.10039537      -0.28041358E-02  -0.38411245E-02   0.25751320E-03   0.10410290E-01   0.12571706E-01   0.75461708E-02   0.66133669E-02   0.41568428E-02   0.23593936E-02
   1.2731359        1.2092253        1.1785401        1.0420774       0.90669005       0.73491263       0.62667072       0.46632565       0.28601987       0.15935005       0.64261944E-01   0.35297046E-01  -0.37851892E-02   0.82092837E-02   0.21927027E-01   0.22923999E-01   0.22887896E-01   0.20086854E-01   0.16471577E-01   0.13220561E-01   0.99479567E-02   0.59471977E-02   0.26989153E-02   0.12872964E-02  -0.58072780E-01  -0.14771952E-01  -0.15643958E-01  -0.84931663E-02   0.30083870E-02   0.92583474E-02   0.10564244E-01   0.84357400E-02   0.68318077E-02   0.53306227E-02   0.32001411E-02   0.83643912E-03  -0.12875426       0.17054793E-01  -0.50977733E-01  -0.48556108E-02  -0.27432121E-02  -0.11530281E-02   0.49075749E-02   0.60712172E-02   0.35586487E-02   0.29751786E-02   0.17701331E-02   0.12136362E-02
  0.58739242       0.55095634       0.53473463       0.47059080       0.40727834       0.33099107       0.28204116       0.21545183       0.14056479       0.84967319E-01   0.39987130E-01   0.20684283E-01  -0.29468709E-02   0.43145849E-02   0.94134610E-02   0.10200511E-01   0.10270615E-01   0.88257911E-02   0.71048568E-02   0.56873354E-02   0.43408836E-02   0.26989153E-02   0.14405315E-02   0.71386854E-03  -0.21837939E-01  -0.96285488E-02  -0.48792428E-02  -0.34743813E-02   0.11941917E-02   0.41116016E-02   0.48294867E-02   0.36877209E-02   0.29157700E-02   0.23063016E-02   0.13904277E-02   0.47214146E-03  -0.65834730E-01  -0.21621785E-02  -0.21490085E-01  -0.19243892E-02  -0.50020424E-03  -0.58865666E-03   0.22182079E-02   0.27578082E-02   0.15582487E-02   0.12392538E-02   0.72772207E-03   0.53255969E-03
  0.34732435       0.31070369       0.30019469       0.26817478       0.23960924       0.19864725       0.16903908       0.12966260       0.83134061E-01   0.49990228E-01   0.28584433E-01   0.19839524E-01   0.22507588E-03   0.34064862E-02   0.72296409E-02   0.58789784E-02   0.59362963E-02   0.48785022E-02   0.38323166E-02   0.29320899E-02   0.22278415E-02   0.12872964E-02   0.71386854E-03   0.54320832E-03  -0.11768277E-01   0.60343810E-03   0.78180094E-03   0.29255024E-03   0.10388374E-02   0.23389462E-02   0.27985458E-02   0.19811461E-02   0.15866199E-02   0.14288491E-02   0.90509793E-03   0.27961712E-03  -0.33022805E-01   0.10626978E-01  -0.14999511E-01   0.25026865E-02   0.57354691E-03  -0.15760650E-03   0.10950757E-02   0.16202645E-02   0.81096837E-03   0.66182658E-03   0.46604068E-03   0.30246670E-03
  -10.094325       -1.6366344       -5.2284360       -3.9240360       -4.9309049       -5.2322905       -6.5932555       -5.3403704       -4.0600570       -2.6998195       0.11749368      -0.52292732        23.197827       0.79334908       0.24823602       0.63608933       0.51252919       0.14411613      -0.15555217E-01  -0.59952325E-01  -0.81345507E-01  -0.58072780E-01  -0.21837939E-01  -0.11768277E-01    124.19253        2.0503936       0.49641518E-01    1.3251329       0.18197703       0.87502209E-01   0.14729796       0.42429949E-01   0.22897627E-01  -0.24695489E-02  -0.43765872E-01  -0.27645416E-01    115.47612      -0.46262131       -1.7671862       0.94364901      -0.16614111       0.20043357       0.28172629E-01   0.71710632E-02   0.49470334E-01  -0.25363856E-01   0.66887748E-02  -0.13915042E-01
 -0.91803645       -1.2101668       -1.8854949      -0.33820723      -0.15210295       0.18413551       0.44709704       0.55482700      -0.19836255      -0.35861912      -0.40341784       0.11686891        2.0346104        2.2098765       0.20200288       0.10600811E-01   0.68286909E-02  -0.34935330E-01  -0.28453957E-01  -0.14885218E-01  -0.12215420E-01  -0.14771952E-01  -0.96285488E-02   0.60343810E-03    2.0503936        12.751416        1.1178509       0.27881407      -0.24287222E-02   0.89108095E-02  -0.10395708E-01  -0.42553567E-01  -0.73086520E-02   0.20294730E-02   0.59998703E-02  -0.68495069E-03    4.9885971        7.3247780       0.68378383       0.63196714      -0.63266508E-02   0.70731880E-01  -0.47627681E-02  -0.70114554E-02  -0.10787028E-01   0.26226507E-02   0.78880176E-02   0.59776431E-02
   1.8873260      -0.68843845       -2.6367787       -2.5368979       -2.8190022       -2.4161872       -2.1110221       -1.3978345      -0.89390984      -0.56938357       0.22169116E-01   0.83871018E-01    1.2971659       0.55075586       0.66714967       0.83195164E-01  -0.65038400E-02  -0.34856299E-01  -0.51290615E-01  -0.40361962E-01  -0.27694744E-01  -0.15643958E-01  -0.48792428E-02   0.78180094E-03   0.49641518E-01    1.1178509        3.2880799       0.55886181       0.11265275       0.49190957E-01  -0.20939790E-01  -0.41023980E-01  -0.34258688E-01  -0.23413784E-01  -0.13464935E-01  -0.44796374E-02   0.67182390       0.94500950        2.4410331       0.48756694       0.18673808       0.97723997E-01   0.10082230E-01  -0.56440625E-03  -0.12588399E-01  -0.10974150E-01  -0.25840406E-02  -0.44006150E-02
  0.10634703       -1.7451505       -2.2870771       -2.3128180       -1.9531642       -1.3834381       -1.1190332      -0.68346918      -0.39518842      -0.20095434       0.64946074E-01   0.26359331E-01   0.69792371       0.28966674       0.23549873       0.10065581      -0.19528268E-01  -0.25622164E-01  -0.33059672E-01  -0.27146545E-01  -0.16300676E-01  -0.84931663E-02  -0.34743813E-02   0.29255024E-03    1.3251329       0.27881407       0.55886181       0.82019263       0.84716559E-01   0.89817905E-02  -0.13555839E-01  -0.28473970E-01  -0.27737111E-01  -0.14289442E-01  -0.42099705E-02  -0.82624475E-03    2.0202371       0.52023487       0.29598458       0.55327370       0.10668663       0.32802450E-01  -0.25903453E-02  -0.49803014E-02  -0.12603327E-01  -0.13574244E-01  -0.44168442E-02  -0.30675644E-02
   6.1757786        5.2020966        4.1770723        2.7353435        1.8520295        1.0851699       0.57562018       0.28594385       0.36824879E-01  -0.53965996E-01   0.66822280E-01   0.56436899E-01   0.34916562       0.27216635       0.19325671       0.13581867       0.10715889       0.56078566E-01   0.30457131E-01   0.17263898E-01   0.90947807E-02   0.30083870E-02   0.11941917E-02   0.10388374E-02   0.18197703      -0.24287222E-02   0.11265275       0.84716559E-01   0.16150584       0.72455849E-01   0.48150028E-01   0.27322883E-01   0.17646487E-01   0.83992298E-02   0.13355306E-02  -0.12510658E-02   0.12132500       0.10320128       0.25475760E-01   0.73840140E-01   0.93758683E-01   0.47245257E-01   0.34926578E-01   0.27491974E-01   0.17299731E-01   0.92815299E-02   0.46193214E-02   0.48499213E-03
   7.1773683        6.5407380        5.5490509        4.1698074        3.1210723        1.9573105        1.2076341       0.70346543       0.27917462       0.82232055E-01   0.11568261       0.64167897E-01   0.25804346       0.17124414       0.19081335       0.15990600       0.13026036       0.85366284E-01   0.51563594E-01   0.32522715E-01   0.19828038E-01   0.92583474E-02   0.41116016E-02   0.23389462E-02   0.87502209E-01   0.89108095E-02   0.49190957E-01   0.89817905E-02   0.72455849E-01   0.91622027E-01   0.67233387E-01   0.44718906E-01   0.30061408E-01   0.16685413E-01   0.50213812E-02  -0.78661919E-03  -0.27737635E-01   0.51508948E-01  -0.36867285E-01   0.28315455E-01   0.25415231E-01   0.39706951E-01   0.40928385E-01   0.37631056E-01   0.24242165E-01   0.14103763E-01   0.63859309E-02   0.15102326E-02
   6.7236597        6.1035668        5.3775059        4.2681002        3.3873480        2.3235869        1.5585963       0.98688492       0.47925898       0.20591808       0.15355685       0.72925445E-01   0.15281295       0.10214086       0.15356301       0.14057274       0.12298902       0.85944680E-01   0.54194256E-01   0.34583919E-01   0.21750440E-01   0.10564244E-01   0.48294867E-02   0.27985458E-02   0.14729796      -0.10395708E-01  -0.20939790E-01  -0.13555839E-01   0.48150028E-01   0.67233387E-01   0.67176400E-01   0.46347519E-01   0.31404675E-01   0.19055525E-01   0.72437368E-02   0.69495916E-03  -0.46630984E-01   0.29322516E-01  -0.10248968       0.42288537E-02   0.76847066E-02   0.21197004E-01   0.34866334E-01   0.36487886E-01   0.24077977E-01   0.14529885E-01   0.68346375E-02   0.24460679E-02
   4.9012774        4.5189513        4.0298523        3.2485166        2.6240671        1.8295960        1.2353930       0.72393106       0.34042384       0.14314119       0.93021990E-01   0.39129445E-01   0.81216257E-01   0.39745339E-01   0.10333932       0.10217703       0.90626868E-01   0.67001362E-01   0.44912881E-01   0.28025690E-01   0.17031517E-01   0.84357400E-02   0.36877209E-02   0.19811461E-02   0.42429949E-01  -0.42553567E-01  -0.41023980E-01  -0.28473970E-01   0.27322883E-01   0.44718906E-01   0.46347519E-01   0.37916254E-01   0.26292910E-01   0.15460494E-01   0.59518746E-02   0.31610119E-03  -0.42384183E-01   0.65611669E-01  -0.81497708E-01  -0.17402416E-01  -0.61693287E-03   0.12519233E-01   0.22927828E-01   0.24874777E-01   0.19300068E-01   0.12026799E-01   0.53136843E-02   0.20026820E-02
   3.5236384        3.3069770        3.0238230        2.5060080        2.0571444        1.4909981        1.0823899       0.66497078       0.29544282       0.10544622       0.59356580E-01   0.29635351E-01   0.71533905E-01   0.40419285E-01   0.69129248E-01   0.67590276E-01   0.64239648E-01   0.48480234E-01   0.34662331E-01   0.22865942E-01   0.14264037E-01   0.68318077E-02   0.29157700E-02   0.15866199E-02   0.22897627E-01  -0.73086520E-02  -0.34258688E-01  -0.27737111E-01   0.17646487E-01   0.30061408E-01   0.31404675E-01   0.26292910E-01   0.20980753E-01   0.13614496E-01   0.55546355E-02   0.27554061E-03  -0.11034541       0.72086710E-01  -0.75050753E-01  -0.14482684E-01  -0.28199514E-02   0.79527883E-02   0.15432113E-01   0.16984247E-01   0.13225347E-01   0.98337917E-02   0.51206045E-02   0.20450924E-02
   2.2135031        2.0700528        1.9715649        1.7324044        1.4742303        1.1462563       0.91771967       0.62753123       0.31417331       0.12644394       0.62842024E-01   0.34940720E-01   0.29601409E-01   0.25287563E-01   0.41454918E-01   0.38489345E-01   0.40089665E-01   0.31203894E-01   0.23514541E-01   0.16683805E-01   0.11320562E-01   0.53306227E-02   0.23063016E-02   0.14288491E-02  -0.24695489E-02   0.20294730E-02  -0.23413784E-01  -0.14289442E-01   0.83992298E-02   0.16685413E-01   0.19055525E-01   0.15460494E-01   0.13614496E-01   0.11038873E-01   0.54641942E-02   0.10317267E-02  -0.16004250       0.40917841E-01  -0.74011702E-01  -0.37007864E-02  -0.30015185E-02   0.24040169E-02   0.86592574E-02   0.10714962E-01   0.71197930E-02   0.62873975E-02   0.40612572E-02   0.18858441E-02
  0.86797912       0.81542946       0.82482145       0.77362488       0.69260132       0.58981256       0.52015024       0.39231928       0.23316957       0.12299526       0.48352886E-01   0.27209441E-01  -0.12003540E-01   0.47251787E-02   0.12283106E-01   0.12552593E-01   0.14981079E-01   0.12901917E-01   0.10631228E-01   0.82931725E-02   0.61101507E-02   0.32001411E-02   0.13904277E-02   0.90509793E-03  -0.43765872E-01   0.59998703E-02  -0.13464935E-01  -0.42099705E-02   0.13355306E-02   0.50213812E-02   0.72437368E-02   0.59518746E-02   0.55546355E-02   0.54641942E-02   0.38621389E-02   0.13709364E-02  -0.12211549       0.75441324E-02  -0.43388407E-01  -0.11891434E-02  -0.24452668E-02  -0.17236568E-02   0.26044113E-02   0.41278560E-02   0.20624357E-02   0.21817742E-02   0.14873232E-02   0.10270746E-02
  0.73505772E-01   0.77444686E-01   0.10468035       0.12158936       0.12445476       0.13532146       0.14464725       0.13796621       0.11153803       0.79823087E-01   0.34274927E-01   0.11169441E-01  -0.27872757E-01  -0.12145342E-02  -0.25076064E-02  -0.11995794E-02   0.30065543E-03   0.82338625E-03   0.10467977E-02   0.12800609E-02   0.12877469E-02   0.83643912E-03   0.47214146E-03   0.27961712E-03  -0.27645416E-01  -0.68495069E-03  -0.44796374E-02  -0.82624475E-03  -0.12510658E-02  -0.78661919E-03   0.69495916E-03   0.31610119E-03   0.27554061E-03   0.10317267E-02   0.13709364E-02   0.12730542E-02  -0.53379578E-01  -0.17425259E-01  -0.78775557E-02  -0.12598535E-02  -0.18389119E-02  -0.20172930E-02  -0.32888396E-04   0.51505979E-03  -0.35281904E-03  -0.17533344E-03  -0.91051010E-04   0.17030176E-03
  -38.497036       -23.147502       -31.739686       -28.856398       -25.534766       -22.746577       -24.185853       -19.807653       -12.143791       -5.5927068      -0.43712513      -0.75335050        26.617341      -0.42196919       0.41074973       0.50244402       0.87159648E-01  -0.12686545      -0.22685658      -0.27360217      -0.25170690      -0.12875426      -0.65834730E-01  -0.33022805E-01    115.47612        4.9885971       0.67182390        2.0202371       0.12132500      -0.27737635E-01  -0.46630984E-01  -0.42384183E-01  -0.11034541      -0.16004250      -0.12211549      -0.53379578E-01    240.50469        7.2273435      -0.27983902       0.81721822      -0.23363209       0.42114201      -0.20232697      -0.18064597       0.10669822E-01  -0.11559818      -0.87083646E-01  -0.54714533E-01
   16.334428        12.574961        11.205249        9.4118842        9.3181887        7.9839126        5.2353928        2.0370204       0.59966195E-01  -0.60428339      -0.14667864       0.22289016        3.9233861        1.3183655       0.43007986       0.35882758       0.16890067       0.21819441       0.19155181       0.10832501       0.62413804E-01   0.17054793E-01  -0.21621785E-02   0.10626978E-01  -0.46262131        7.3247780       0.94500950       0.52023487       0.10320128       0.51508948E-01   0.29322516E-01   0.65611669E-01   0.72086710E-01   0.40917841E-01   0.75441324E-02  -0.17425259E-01    7.2273435        29.513786       -1.1343707       0.80706336       0.21628634       0.71404404E-01  -0.39135247E-01   0.11513151E-01   0.50750818E-01   0.59252966E-01   0.35277395E-01   0.11653997E-01
  -11.785200       -11.623687       -12.119587       -11.653422       -10.947731       -9.4419083       -8.1394657       -5.7128397       -3.1692332       -1.4478150      -0.58493948      -0.57633798      -0.72196243E-01   0.38069932       0.29101501      -0.85925139E-01  -0.19265939      -0.18216715      -0.17011057      -0.12778946      -0.10039537      -0.50977733E-01  -0.21490085E-01  -0.14999511E-01   -1.7671862       0.68378383        2.4410331       0.29598458       0.25475760E-01  -0.36867285E-01  -0.10248968      -0.81497708E-01  -0.75050753E-01  -0.74011702E-01  -0.43388407E-01  -0.78775557E-02  -0.27983902       -1.1343707        6.8717188       0.14212901       0.16842516       0.89519415E-01  -0.85550703E-02  -0.53975988E-01  -0.32093906E-01  -0.31225026E-01  -0.31764060E-01  -0.13976224E-01
   2.4261706      -0.39496232      -0.81364495      -0.36713192      -0.17659647      -0.94177703E-02   0.19962317E-01   0.96488059E-01  -0.61625770E-01  -0.13408245       0.13950706       0.16002268       0.43438127       0.41068284       0.21385308       0.11579193       0.25734439E-01   0.93114056E-02  -0.21564398E-02  -0.66507159E-02  -0.28041358E-02  -0.48556108E-02  -0.19243892E-02   0.25026865E-02   0.94364901       0.63196714       0.48756694       0.55327370       0.73840140E-01   0.28315455E-01   0.42288537E-02  -0.17402416E-01  -0.14482684E-01  -0.37007864E-02  -0.11891434E-02  -0.12598535E-02   0.81721822       0.80706336       0.14212901        1.0030437       0.94947667E-01   0.26988430E-01   0.52645669E-02   0.62508744E-02  -0.61118649E-02  -0.46348508E-02   0.40711739E-02  -0.39599242E-03
   2.0465019        1.2996436       0.68609176       0.10272561      -0.68117159E-01  -0.12163269      -0.22500055      -0.22580091      -0.14862038      -0.89911939E-01   0.25455214E-01   0.33434809E-01   0.26469304       0.14571604       0.12408967       0.56354824E-01   0.27474789E-01   0.62583937E-02  -0.11683719E-02  -0.40714445E-02  -0.38411245E-02  -0.27432121E-02  -0.50020424E-03   0.57354691E-03  -0.16614111      -0.63266508E-02   0.18673808       0.10668663       0.93758683E-01   0.25415231E-01   0.76847066E-02  -0.61693287E-03  -0.28199514E-02  -0.30015185E-02  -0.24452668E-02  -0.18389119E-02  -0.23363209       0.21628634       0.16842516       0.94947667E-01   0.16489860       0.28939090E-01   0.10161099E-01   0.46203323E-02   0.16278003E-02   0.67822566E-04   0.84081374E-03  -0.21476543E-03
   2.5685836        2.1618964        1.6041519       0.96928170       0.52101567       0.13316849      -0.10727072      -0.19024765      -0.22320904      -0.17632090      -0.13761165E-01   0.68355908E-02   0.26917171       0.11521674       0.10931152       0.68875277E-01   0.47269027E-01   0.26144292E-01   0.11482215E-01   0.42814486E-02   0.25751320E-03  -0.11530281E-02  -0.58865666E-03  -0.15760650E-03   0.20043357       0.70731880E-01   0.97723997E-01   0.32802450E-01   0.47245257E-01   0.39706951E-01   0.21197004E-01   0.12519233E-01   0.79527883E-02   0.24040169E-02  -0.17236568E-02  -0.20172930E-02   0.42114201       0.71404404E-01   0.89519415E-01   0.26988430E-01   0.28939090E-01   0.44977444E-01   0.16762228E-01   0.11744621E-01   0.84836589E-02   0.46083880E-02   0.22054440E-02  -0.80219061E-03
   3.8136918        3.4591211        2.9625354        2.2284437        1.6635101        1.0526155       0.68194218       0.41955797       0.18951912       0.70157804E-01   0.65526130E-01   0.29089446E-01   0.97644145E-01   0.81722831E-01   0.93685193E-01   0.80182054E-01   0.66199268E-01   0.42818506E-01   0.26176334E-01   0.16898832E-01   0.10410290E-01   0.49075749E-02   0.22182079E-02   0.10950757E-02   0.28172629E-01  -0.47627681E-02   0.10082230E-01  -0.25903453E-02   0.34926578E-01   0.40928385E-01   0.34866334E-01   0.22927828E-01   0.15432113E-01   0.86592574E-02   0.26044113E-02  -0.32888396E-04  -0.20232697      -0.39135247E-01  -0.85550703E-02   0.52645669E-02   0.10161099E-01   0.16762228E-01   0.25055532E-01   0.19939675E-01   0.12795693E-01   0.76470717E-02   0.33851194E-02   0.99323764E-03
   3.8792001        3.4835533        3.0668490        2.4272108        1.9206960        1.3209962       0.90394856       0.59134332       0.28921573       0.11839453       0.87354515E-01   0.45037085E-01   0.65158750E-01   0.53747383E-01   0.89055470E-01   0.78302984E-01   0.67744692E-01   0.47478445E-01   0.29806301E-01   0.19443970E-01   0.12571706E-01   0.60712172E-02   0.27578082E-02   0.16202645E-02   0.71710632E-02  -0.70114554E-02  -0.56440625E-03  -0.49803014E-02   0.27491974E-01   0.37631056E-01   0.36487886E-01   0.24874777E-01   0.16984247E-01   0.10714962E-01   0.41278560E-02   0.51505979E-03  -0.18064597       0.11513151E-01  -0.53975988E-01   0.62508744E-02   0.46203323E-02   0.11744621E-01   0.19939675E-01   0.21740319E-01   0.13342906E-01   0.82500089E-02   0.41795822E-02   0.15204464E-02
   2.6130103        2.4111465        2.1091219        1.6467829        1.2986830       0.86356316       0.53621008       0.28368503       0.11388158       0.34297401E-01   0.33985991E-01   0.12041612E-01   0.56234823E-01   0.27390989E-01   0.56897878E-01   0.55035457E-01   0.47594046E-01   0.33798796E-01   0.21794164E-01   0.13030808E-01   0.75461708E-02   0.35586487E-02   0.15582487E-02   0.81096837E-03   0.49470334E-01  -0.10787028E-01  -0.12588399E-01  -0.12603327E-01   0.17299731E-01   0.24242165E-01   0.24077977E-01   0.19300068E-01   0.13225347E-01   0.71197930E-02   0.20624357E-02  -0.35281904E-03   0.10669822E-01   0.50750818E-01  -0.32093906E-01  -0.61118649E-02   0.16278003E-02   0.84836589E-02   0.12795693E-01   0.13342906E-01   0.11062144E-01   0.66464995E-02   0.28794306E-02   0.90169688E-03
   1.7334139        1.6114762        1.4770327        1.2132529       0.99211681       0.71760953       0.51858357       0.31126827       0.12246327       0.28825743E-01   0.17233170E-01   0.94243718E-02   0.43970068E-01   0.19088586E-01   0.34029938E-01   0.32923448E-01   0.30472885E-01   0.22809151E-01   0.16270916E-01   0.10657416E-01   0.66133669E-02   0.29751786E-02   0.12392538E-02   0.66182658E-03  -0.25363856E-01   0.26226507E-02  -0.10974150E-01  -0.13574244E-01   0.92815299E-02   0.14103763E-01   0.14529885E-01   0.12026799E-01   0.98337917E-02   0.62873975E-02   0.21817742E-02  -0.17533344E-03  -0.11559818       0.59252966E-01  -0.31225026E-01  -0.46348508E-02   0.67822566E-04   0.46083880E-02   0.76470717E-02   0.82500089E-02   0.66464995E-02   0.55723833E-02   0.30819107E-02   0.11522130E-02
  0.88465187       0.79346382       0.75929581       0.66338551       0.56267097       0.43666931       0.35107361       0.23165675       0.94260633E-01   0.14829987E-01   0.99029257E-02   0.93868597E-02   0.38527556E-01   0.14259499E-01   0.19889760E-01   0.15460374E-01   0.15435509E-01   0.11755078E-01   0.88418469E-02   0.61862854E-02   0.41568428E-02   0.17701331E-02   0.72772207E-03   0.46604068E-03   0.66887748E-02   0.78880176E-02  -0.25840406E-02  -0.44168442E-02   0.46193214E-02   0.63859309E-02   0.68346375E-02   0.53136843E-02   0.51206045E-02   0.40612572E-02   0.14873232E-02  -0.91051010E-04  -0.87083646E-01   0.35277395E-01  -0.31764060E-01   0.40711739E-02   0.84081374E-03   0.22054440E-02   0.33851194E-02   0.41795822E-02   0.28794306E-02   0.30819107E-02   0.25083840E-02   0.98938745E-03
  0.35800583       0.32741102       0.32773509       0.29997636       0.27020014       0.22948152       0.20470579       0.15293731       0.86282558E-01   0.39517453E-01   0.85484964E-02   0.33065247E-02   0.60196676E-02   0.38559823E-02   0.45007718E-02   0.45738386E-02   0.54488541E-02   0.45998845E-02   0.38726392E-02   0.31398762E-02   0.23593936E-02   0.12136362E-02   0.53255969E-03   0.30246670E-03  -0.13915042E-01   0.59776431E-02  -0.44006150E-02  -0.30675644E-02   0.48499213E-03   0.15102326E-02   0.24460679E-02   0.20026820E-02   0.20450924E-02   0.18858441E-02   0.10270746E-02   0.17030176E-03  -0.54714533E-01   0.11653997E-01  -0.13976224E-01  -0.39599242E-03  -0.21476543E-03  -0.80219061E-03   0.99323764E-03   0.15204464E-02   0.90169688E-03   0.11522130E-02   0.98938745E-03   0.90096710E-03
