   94.393691        70.996745        60.754592        45.426486        32.800082        22.988727        17.463450        13.565542        9.7357327        6.1034031        2.9485930       0.55719493        3.9788487        1.2800115        2.5042614        1.9380181        1.1823619       0.78062177       0.56346129       0.41287057       0.27719880       0.16025676       0.79552528E-01   0.31089400E-01    10.179182        1.4769916       0.24550519        1.9697903       0.86281117       0.79301874       0.68287928       0.43420290       0.30229684       0.20365683       0.10853368       0.62688777E-01    16.330789      -0.76527666       0.51866924       0.91157298       0.41546607       0.42649413       0.42312286       0.34251221       0.19427896       0.98721518E-01   0.47681256E-01   0.77238516E-02
   70.996745        77.021533        61.770327        47.401275        35.222711        24.460691        18.939916        14.661123        10.619278        6.4893723        3.3059958       0.77400094        1.9654443       0.46213175        1.8505334        1.7196223        1.0059930       0.72200882       0.56745003       0.44718768       0.31781404       0.19864631       0.10417418       0.41861390E-01    5.6378525      -0.31362019       -2.1448326        1.5663273       0.49045265       0.70544240       0.67484327       0.44872656       0.32132194       0.21409178       0.10423375       0.51484335E-01    9.5356492       -2.3623436       -3.1451624       0.62890587       0.10681279       0.26643711       0.39366801       0.33168848       0.19369054       0.10855634       0.58129195E-01   0.93371136E-02
   60.754592        61.770327        58.247994        44.528041        33.622301        23.620318        18.185474        13.973983        10.422143        6.9105056        3.7345876        1.2690471       0.63033710      -0.33744978        1.3362889        1.3613323       0.85921273       0.64454592       0.50725883       0.39893916       0.29660967       0.19556233       0.10999797       0.47771717E-01    1.7549447      -0.30054619       -2.4036584       0.67430286       0.36049509       0.59119009       0.60143339       0.42159266       0.29479522       0.18681852       0.87056186E-01   0.39995363E-01    5.1415015       -2.1001929       -2.1358542      -0.11301656      -0.12324284       0.16266398       0.31710785       0.30624991       0.18200277       0.98837855E-01   0.50561348E-01   0.13075175E-01
   45.426486        47.401275        44.528041        37.934256        28.749589        20.544426        16.214292        12.394715        9.3138054        6.3094773        3.4099569        1.2884007      -0.41837396      -0.19446346       0.77179961       0.94768125       0.64813430       0.53892494       0.43377405       0.34633280       0.26430234       0.17865200       0.10113218       0.44945026E-01   -2.3686879      -0.20719774E-01   -2.4277885       0.14265277       0.94790274E-01   0.42091679       0.46981386       0.34247853       0.23773041       0.14984583       0.67990330E-01   0.30286184E-01  -0.48846756E-01   -1.0519366       -2.4382531      -0.30807490      -0.34263356       0.35129892E-01   0.23006073       0.23663120       0.15021987       0.81927918E-01   0.45378306E-01   0.16130119E-01
   32.800082        35.222711        33.622301        28.749589        23.515317        17.114796        13.428951        10.058292        7.6076134        5.0703660        2.7847982        1.1879835      -0.93774723      -0.49391623       0.48515359       0.60734205       0.49982462       0.43349415       0.36060395       0.28685083       0.22223898       0.15189792       0.86884625E-01   0.38763660E-01   -2.7240500      -0.80461489       -2.3447778      -0.33790177E-01  -0.37432100E-01   0.28115528       0.35779251       0.27043196       0.18820858       0.11775294       0.51735265E-01   0.19105343E-01  -0.71804092       -1.5759280       -2.1193447      -0.39799930      -0.24905907      -0.39153975E-01   0.14727894       0.17778551       0.11923007       0.65940998E-01   0.36217444E-01   0.13632944E-01
   22.988727        24.460691        23.620318        20.544426        17.114796        13.454397        10.901736        8.1344351        6.1507479        4.0126555        2.2021901       0.96892115      -0.77117688      -0.37255481       0.29587416       0.39260239       0.33918711       0.31715931       0.27897191       0.22674619       0.17849177       0.12081499       0.69931813E-01   0.31596086E-01   -3.0442211      -0.38872957       -1.8919140      -0.11635387      -0.74499680E-01   0.15055103       0.23798155       0.18728553       0.13603493       0.91540217E-01   0.39913581E-01   0.13682112E-01   -1.8696370       -1.1965555       -1.7775219      -0.32145350      -0.21162397      -0.51651986E-01   0.83376510E-01   0.11455959       0.81957656E-01   0.46924840E-01   0.29838288E-01   0.12731229E-01
   17.463450        18.939916        18.185474        16.214292        13.428951        10.901736        9.8693951        7.6032133        5.8481760        3.8989135        2.1303764       0.91127681      -0.42392285      -0.33062518       0.23833785       0.31771384       0.24781202       0.24525015       0.22939611       0.19594400       0.15661268       0.10585547       0.62106973E-01   0.29001967E-01   -2.0013748      -0.41801411       -1.4606283      -0.63518318E-01  -0.85130332E-01   0.11907697       0.16985459       0.13903892       0.10735918       0.78863374E-01   0.39441973E-01   0.17487043E-01   -2.2867044       -1.0500279       -1.3522159      -0.30659773      -0.22791529      -0.35194758E-01   0.69584556E-01   0.74825924E-01   0.55278546E-01   0.32040966E-01   0.24093560E-01   0.12888330E-01
   13.565542        14.661123        13.973983        12.394715        10.058292        8.1344351        7.6032133        6.3902146        5.1346457        3.6204695        2.0092602       0.82540869      -0.43026267      -0.27034545       0.19197024       0.26970319       0.18379105       0.18293408       0.17169345       0.15412264       0.12562412       0.87446874E-01   0.52630338E-01   0.25507303E-01   -1.0834416      -0.15950525       -1.0261575       0.24753502E-01  -0.49657619E-01   0.10246574       0.13394628       0.10142813       0.77697955E-01   0.57967651E-01   0.31860060E-01   0.17671856E-01   -2.0921815      -0.73568376      -0.85844609      -0.23562511      -0.16138478      -0.14306689E-01   0.58243749E-01   0.56777444E-01   0.37624297E-01   0.18643463E-01   0.16130014E-01   0.10916994E-01
   9.7357327        10.619278        10.422143        9.3138054        7.6076134        6.1507479        5.8481760        5.1346457        4.6109484        3.5298665        2.0629844       0.91108765      -0.36000178      -0.36839165       0.11896044       0.17033857       0.12280588       0.13149194       0.12780626       0.11724585       0.10172762       0.77204891E-01   0.49640779E-01   0.25062687E-01  -0.44993529      -0.25756226      -0.69591267       0.86546146E-02  -0.32739370E-01   0.81491995E-01   0.95175617E-01   0.78676298E-01   0.50793087E-01   0.36672705E-01   0.21676350E-01   0.14861681E-01  -0.94330411      -0.62574815      -0.46385908      -0.26686481      -0.11629328      -0.88712064E-02   0.41834104E-01   0.43028525E-01   0.27861066E-01   0.70855565E-02   0.71601875E-02   0.77888597E-02
   6.1034031        6.4893723        6.9105056        6.3094773        5.0703660        4.0126555        3.8989135        3.6204695        3.5298665        3.2053912        2.0416347       0.99567497      -0.29213278      -0.28323139       0.29005582E-01   0.74024244E-01   0.61395421E-01   0.79370867E-01   0.79158135E-01   0.76779343E-01   0.72100929E-01   0.62122313E-01   0.43668787E-01   0.23978087E-01  -0.12301221      -0.24412337      -0.46237451      -0.76733885E-01  -0.25429927E-01   0.61656329E-01   0.58715065E-01   0.53733364E-01   0.26815814E-01   0.12670625E-01   0.75023335E-02   0.81888903E-02  -0.54689200      -0.55443955      -0.41125224E-01  -0.30392605      -0.10391624       0.12905914E-02   0.28787748E-01   0.28988934E-01   0.20100451E-01   0.14169036E-02  -0.12484735E-02   0.48026802E-02
   2.9485930        3.3059958        3.7345876        3.4099569        2.7847982        2.2021901        2.1303764        2.0092602        2.0629844        2.0416347        1.6248308       0.90232547       0.92858282E-01  -0.22107228      -0.12995278E-01   0.18756828E-01   0.29016538E-01   0.40418744E-01   0.43780016E-01   0.44279186E-01   0.45113766E-01   0.41579093E-01   0.32383429E-01   0.19344838E-01  -0.63432314E-01  -0.32679921      -0.36785654      -0.59649950E-01  -0.17905371E-01   0.36529000E-01   0.29382685E-01   0.28049022E-01   0.88992029E-02  -0.94808619E-03  -0.49556089E-02  -0.13966897E-02  -0.28041572      -0.65324412       0.31790752E-01  -0.23853887      -0.66460723E-01   0.19976879E-02   0.15853774E-01   0.19071913E-01   0.11770975E-01  -0.75816861E-04  -0.34433005E-02   0.70172625E-03
  0.55719493       0.77400094        1.2690471        1.2884007        1.1879835       0.96892115       0.91127681       0.82540869       0.91108765       0.99567497       0.90232547       0.83835684      -0.16895072      -0.14000920      -0.26462651E-01  -0.27570594E-01   0.16634914E-01   0.18985528E-01   0.22403616E-01   0.22354599E-01   0.24572545E-01   0.23953097E-01   0.19093788E-01   0.14186845E-01  -0.80659639      -0.35004999      -0.24599117      -0.25749895E-01  -0.15348888E-01   0.98233150E-02   0.75048984E-02   0.73799704E-02  -0.19632950E-02  -0.64869745E-02  -0.80200491E-02  -0.90140283E-02   -1.0656753      -0.69752422       0.10029052      -0.13073205      -0.16448701E-02   0.53117097E-02  -0.14545593E-03   0.69672906E-02   0.45851731E-02   0.53825077E-03  -0.22388590E-02   0.17687067E-02
   3.9788487        1.9654443       0.63033710      -0.41837396      -0.93774723      -0.77117688      -0.42392285      -0.43026267      -0.36000178      -0.29213278       0.92858282E-01  -0.16895072        13.430739       0.70153117E-01   0.22075410E-01   0.15390813       0.77589919E-01   0.84709097E-02   0.80638120E-02   0.72641737E-02   0.53603970E-03  -0.39507903E-02   0.43081069E-03  -0.63040147E-03    27.560645       0.97722228       0.24605009       0.18606107       0.17124129       0.44758297E-01  -0.64966126E-02  -0.94919376E-02  -0.84263784E-02  -0.41831839E-02  -0.53112309E-02   0.30321018E-03    34.657097       0.27943976      -0.31580271       0.22672483       0.13343432       0.81071629E-01   0.94866350E-02  -0.43711882E-02   0.90310200E-04  -0.28590600E-02  -0.28770701E-02  -0.85231580E-02
   1.2800115       0.46213175      -0.33744978      -0.19446346      -0.49391623      -0.37255481      -0.33062518      -0.27034545      -0.36839165      -0.28323139      -0.22107228      -0.14000920       0.70153117E-01    2.3464200       0.13763725       0.12752966       0.44809575E-01   0.22885750E-01   0.14585330E-02  -0.53289266E-02  -0.76730182E-02  -0.83485466E-02  -0.65607357E-02  -0.37840605E-02  -0.25740017        3.9550471       0.33004994       0.28933497       0.51308383E-01   0.34758777E-01   0.18472963E-01  -0.88411377E-03   0.27566893E-03   0.12790821E-02   0.30543894E-02   0.26406045E-02  -0.91810957        4.1590024       0.17161017       0.31317878       0.53606715E-01   0.60477649E-01   0.22617725E-01  -0.32945202E-02  -0.12630708E-02  -0.60281069E-03  -0.57960709E-03  -0.70232719E-03
   2.5042614        1.8505334        1.3362889       0.77179961       0.48515359       0.29587416       0.23833785       0.19197024       0.11896044       0.29005582E-01  -0.12995278E-01  -0.26462651E-01   0.22075410E-01   0.13763725       0.45860442       0.10712076       0.66032707E-01   0.32411124E-01   0.18232808E-01   0.79199551E-02   0.12156472E-02  -0.20170564E-02  -0.25572667E-02  -0.92942627E-03   0.12043016      -0.32506153E-01   0.61789446       0.13490450       0.76542102E-01   0.44576029E-01   0.19434029E-01   0.98347997E-02   0.61878659E-02   0.50633696E-02   0.39697367E-02   0.29922678E-02  -0.34688144E-01   0.66058625E-01   0.54770601       0.11774080       0.57701703E-01   0.39447967E-01   0.17777034E-01   0.77355606E-02   0.32857774E-02   0.14843468E-02   0.59761364E-03   0.11293453E-03
   1.9380181        1.7196223        1.3613323       0.94768125       0.60734205       0.39260239       0.31771384       0.26970319       0.17033857       0.74024244E-01   0.18756828E-01  -0.27570594E-01   0.15390813       0.12752966       0.10712076       0.12092996       0.42897952E-01   0.24755604E-01   0.14880745E-01   0.94127436E-02   0.46342450E-02   0.16546114E-02   0.44052761E-03   0.11775262E-04   0.31633600       0.20139347       0.10424839       0.14800479       0.40404324E-01   0.29813623E-01   0.18844303E-01   0.94310764E-02   0.70095568E-02   0.49784953E-02   0.32378951E-02   0.25433845E-02   0.14685554       0.25662221       0.37719009E-01   0.12216114       0.24247785E-01   0.22516824E-01   0.15121499E-01   0.74301561E-02   0.36868054E-02   0.20119262E-02   0.11791088E-02  -0.51439818E-04
   1.1823619        1.0059930       0.85921273       0.64813430       0.49982462       0.33918711       0.24781202       0.18379105       0.12280588       0.61395421E-01   0.29016538E-01   0.16634914E-01   0.77589919E-01   0.44809575E-01   0.66032707E-01   0.42897952E-01   0.38265260E-01   0.18658376E-01   0.12037087E-01   0.75293770E-02   0.43807459E-02   0.22084494E-02   0.95255558E-03   0.50305219E-03   0.13337304       0.16479154E-01   0.33876612E-01   0.35976704E-01   0.26921235E-01   0.16760229E-01   0.13040032E-01   0.71151242E-02   0.45979903E-02   0.28851423E-02   0.14923294E-02   0.65277551E-03   0.39395632       0.29364543E-01   0.34846013E-01   0.29767161E-01   0.23618304E-01   0.95796824E-02   0.79626175E-02   0.50111560E-02   0.28671808E-02   0.14355006E-02   0.58558040E-03   0.12297559E-03
  0.78062177       0.72200882       0.64454592       0.53892494       0.43349415       0.31715931       0.24525015       0.18293408       0.13149194       0.79370867E-01   0.40418744E-01   0.18985528E-01   0.84709097E-02   0.22885750E-01   0.32411124E-01   0.24755604E-01   0.18658376E-01   0.14852587E-01   0.98405857E-02   0.68258914E-02   0.45543202E-02   0.27548074E-02   0.14199337E-02   0.65575931E-03  -0.34260619E-02   0.35760916E-01  -0.55915374E-02   0.18296187E-01   0.68618707E-02   0.10504872E-01   0.88377065E-02   0.55203863E-02   0.37588091E-02   0.23305848E-02   0.11774957E-02   0.49185980E-03   0.79057561E-01   0.44597014E-01  -0.91038165E-03   0.13491297E-01   0.25306279E-02   0.44838651E-02   0.46225718E-02   0.36265511E-02   0.23271505E-02   0.12346389E-02   0.56343859E-03   0.13519598E-03
  0.56346129       0.56745003       0.50725883       0.43377405       0.36060395       0.27897191       0.22939611       0.17169345       0.12780626       0.79158135E-01   0.43780016E-01   0.22403616E-01   0.80638120E-02   0.14585330E-02   0.18232808E-01   0.14880745E-01   0.12037087E-01   0.98405857E-02   0.84469268E-02   0.63611691E-02   0.46709271E-02   0.29881547E-02   0.16335672E-02   0.72587462E-03  -0.17351486E-01  -0.53994433E-02  -0.28622624E-01   0.64832802E-02   0.36173865E-03   0.55610582E-02   0.57271413E-02   0.41124692E-02   0.28979047E-02   0.18847542E-02   0.73006160E-03   0.99436744E-04   0.66022099E-01  -0.16356882E-01  -0.29830434E-01  -0.20805775E-03  -0.19664835E-02   0.87764199E-03   0.27023255E-02   0.24298975E-02   0.17087312E-02   0.10367486E-02   0.59969984E-03   0.22396759E-03
  0.41287057       0.44718768       0.39893916       0.34633280       0.28685083       0.22674619       0.19594400       0.15412264       0.11724585       0.76779343E-01   0.44279186E-01   0.22354599E-01   0.72641737E-02  -0.53289266E-02   0.79199551E-02   0.94127436E-02   0.75293770E-02   0.68258914E-02   0.63611691E-02   0.56859438E-02   0.44402525E-02   0.29458839E-02   0.16701722E-02   0.73393425E-03  -0.30996323E-01  -0.14445463E-01  -0.34916589E-01   0.12725272E-02  -0.24123029E-02   0.29649426E-02   0.37355686E-02   0.27782124E-02   0.21000551E-02   0.13628872E-02   0.35111555E-03  -0.11796148E-03   0.94245714E-02  -0.39108490E-01  -0.31424858E-01  -0.38781693E-02  -0.45425302E-02  -0.66647042E-03   0.15523898E-02   0.16610517E-02   0.11682074E-02   0.77809096E-03   0.49503341E-03   0.23224996E-03
  0.27719880       0.31781404       0.29660967       0.26430234       0.22223898       0.17849177       0.15661268       0.12562412       0.10172762       0.72100929E-01   0.45113766E-01   0.24572545E-01   0.53603970E-03  -0.76730182E-02   0.12156472E-02   0.46342450E-02   0.43807459E-02   0.45543202E-02   0.46709271E-02   0.44402525E-02   0.38559731E-02   0.27530460E-02   0.16486882E-02   0.74040988E-03  -0.74751791E-01  -0.19719535E-01  -0.34221962E-01  -0.19163060E-02  -0.33367077E-02   0.15888783E-02   0.23661392E-02   0.19251755E-02   0.12961146E-02   0.77616367E-03  -0.11667896E-04  -0.32681373E-03  -0.41986718E-01  -0.40516443E-01  -0.26238121E-01  -0.61044078E-02  -0.47586197E-02  -0.13556288E-02   0.85165252E-03   0.12356799E-02   0.83280902E-03   0.52536120E-03   0.34586768E-03   0.21703454E-03
  0.16025676       0.19864631       0.19556233       0.17865200       0.15189792       0.12081499       0.10585547       0.87446874E-01   0.77204891E-01   0.62122313E-01   0.41579093E-01   0.23953097E-01  -0.39507903E-02  -0.83485466E-02  -0.20170564E-02   0.16546114E-02   0.22084494E-02   0.27548074E-02   0.29881547E-02   0.29458839E-02   0.27530460E-02   0.22063405E-02   0.14159342E-02   0.66612761E-03  -0.73114243E-01  -0.16503463E-01  -0.25841412E-01  -0.29938966E-02  -0.30247266E-02   0.10483964E-02   0.13252786E-02   0.13245448E-02   0.69297790E-03   0.23886258E-03  -0.21973674E-03  -0.36179681E-03  -0.70023824E-01  -0.27995263E-01  -0.17166085E-01  -0.66291434E-02  -0.38465668E-02  -0.11320926E-02   0.38811556E-03   0.85347650E-03   0.60751115E-03   0.31529145E-03   0.16030596E-03   0.15877371E-03
  0.79552528E-01   0.10417418       0.10999797       0.10113218       0.86884625E-01   0.69931813E-01   0.62106973E-01   0.52630338E-01   0.49640779E-01   0.43668787E-01   0.32383429E-01   0.19093788E-01   0.43081069E-03  -0.65607357E-02  -0.25572667E-02   0.44052761E-03   0.95255558E-03   0.14199337E-02   0.16335672E-02   0.16701722E-02   0.16486882E-02   0.14159342E-02   0.10100705E-02   0.50915970E-03  -0.39162742E-01  -0.10009369E-01  -0.16394981E-01  -0.18146458E-02  -0.18594679E-02   0.55370132E-03   0.61095454E-03   0.73780841E-03   0.29775519E-03   0.55499423E-05  -0.25090597E-03  -0.28110670E-03  -0.40298095E-01  -0.18485695E-01  -0.97345868E-02  -0.52027230E-02  -0.23100000E-02  -0.72173539E-03   0.18356786E-03   0.48902106E-03   0.35838144E-03   0.15056654E-03   0.44185042E-04   0.77982869E-04
  0.31089400E-01   0.41861390E-01   0.47771717E-01   0.44945026E-01   0.38763660E-01   0.31596086E-01   0.29001967E-01   0.25507303E-01   0.25062687E-01   0.23978087E-01   0.19344838E-01   0.14186845E-01  -0.63040147E-03  -0.37840605E-02  -0.92942627E-03   0.11775262E-04   0.50305219E-03   0.65575931E-03   0.72587462E-03   0.73393425E-03   0.74040988E-03   0.66612761E-03   0.50915970E-03   0.33525215E-03  -0.11611908E-01  -0.48755277E-02  -0.70459616E-02  -0.69998630E-03  -0.65444188E-03   0.32884177E-03   0.24024381E-03   0.25805836E-03   0.54951142E-04  -0.60794199E-04  -0.12242151E-03  -0.15396257E-03  -0.18345772E-01  -0.97527965E-02  -0.21515538E-02  -0.29246893E-02  -0.44352996E-03   0.12078144E-04   0.44912280E-04   0.21017726E-03   0.15247901E-03   0.39895345E-04  -0.17513939E-04   0.23651879E-04
   10.179182        5.6378525        1.7549447       -2.3686879       -2.7240500       -3.0442211       -2.0013748       -1.0834416      -0.44993529      -0.12301221      -0.63432314E-01  -0.80659639        27.560645      -0.25740017       0.12043016       0.31633600       0.13337304      -0.34260619E-02  -0.17351486E-01  -0.30996323E-01  -0.74751791E-01  -0.73114243E-01  -0.39162742E-01  -0.11611908E-01    150.59279        2.3982793        1.2195967        1.0367605       0.31274495       0.77115963E-01   0.22497080E-01   0.54552391E-02   0.17127517E-01   0.19668364E-01   0.48794556E-01   0.55928917E-01    152.92385      -0.44976454      -0.61225262        1.1771659       0.47581625       0.23943541       0.59229388E-01  -0.29112301E-01   0.14239184E-01  -0.25502036E-01  -0.22592624E-01  -0.36706475E-01
   1.4769916      -0.31362019      -0.30054619      -0.20719774E-01  -0.80461489      -0.38872957      -0.41801411      -0.15950525      -0.25756226      -0.24412337      -0.32679921      -0.35004999       0.97722228        3.9550471      -0.32506153E-01   0.20139347       0.16479154E-01   0.35760916E-01  -0.53994433E-02  -0.14445463E-01  -0.19719535E-01  -0.16503463E-01  -0.10009369E-01  -0.48755277E-02    2.3982793        22.403648       0.10980150       0.58730219       0.12442278       0.21175711E-01   0.19562703E-01  -0.13930008E-01  -0.14072391E-02   0.43396563E-03   0.12434697E-01   0.13575426E-01    3.1866137        21.105160       0.99169984E-01   0.81683431       0.15069055       0.43886322E-01   0.11766908E-01  -0.10103810E-01   0.20498962E-02  -0.24402868E-02  -0.64450578E-03  -0.49663668E-02
  0.24550519       -2.1448326       -2.4036584       -2.4277885       -2.3447778       -1.8919140       -1.4606283       -1.0261575      -0.69591267      -0.46237451      -0.36785654      -0.24599117       0.24605009       0.33004994       0.61789446       0.10424839       0.33876612E-01  -0.55915374E-02  -0.28622624E-01  -0.34916589E-01  -0.34221962E-01  -0.25841412E-01  -0.16394981E-01  -0.70459616E-02    1.2195967       0.10980150        3.6413785       0.22636282       0.13688384       0.38313979E-01  -0.59166930E-02  -0.19409829E-01  -0.15589221E-01  -0.84157876E-02   0.26593240E-02   0.79354021E-02   0.76988332       0.44488517        2.8437784       0.21744829       0.98301100E-01   0.66019210E-01   0.20383750E-01  -0.98111099E-02  -0.12484745E-01  -0.92026644E-02  -0.61966328E-02  -0.36073346E-02
   1.9697903        1.5663273       0.67430286       0.14265277      -0.33790177E-01  -0.11635387      -0.63518318E-01   0.24753502E-01   0.86546146E-02  -0.76733885E-01  -0.59649950E-01  -0.25749895E-01   0.18606107       0.28933497       0.13490450       0.14800479       0.35976704E-01   0.18296187E-01   0.64832802E-02   0.12725272E-02  -0.19163060E-02  -0.29938966E-02  -0.18146458E-02  -0.69998630E-03    1.0367605       0.58730219       0.22636282       0.63863628       0.51176155E-01   0.42903698E-01   0.17383592E-01   0.38580881E-02   0.27665832E-02   0.35113353E-02   0.41225516E-02   0.27639681E-02  -0.27082750       0.45222164       0.21975287       0.50493785       0.82245496E-01   0.47413369E-01   0.16626205E-01   0.53009336E-02  -0.53471606E-04   0.13949067E-03   0.16502826E-03  -0.10549042E-02
  0.86281117       0.49045265       0.36049509       0.94790274E-01  -0.37432100E-01  -0.74499680E-01  -0.85130332E-01  -0.49657619E-01  -0.32739370E-01  -0.25429927E-01  -0.17905371E-01  -0.15348888E-01   0.17124129       0.51308383E-01   0.76542102E-01   0.40404324E-01   0.26921235E-01   0.68618707E-02   0.36173865E-03  -0.24123029E-02  -0.33367077E-02  -0.30247266E-02  -0.18594679E-02  -0.65444188E-03   0.31274495       0.12442278       0.13688384       0.51176155E-01   0.99517488E-01   0.16701095E-01   0.66464077E-02   0.10752072E-02   0.16438141E-03   0.20680143E-03   0.10955253E-02   0.15153821E-02   0.76219001       0.14035501       0.17316640       0.46112798E-01   0.69726087E-01   0.19256525E-01   0.70135929E-02   0.27810225E-02   0.47635385E-03  -0.76316280E-03  -0.79782531E-03  -0.45980225E-03
  0.79301874       0.70544240       0.59119009       0.42091679       0.28115528       0.15055103       0.11907697       0.10246574       0.81491995E-01   0.61656329E-01   0.36529000E-01   0.98233150E-02   0.44758297E-01   0.34758777E-01   0.44576029E-01   0.29813623E-01   0.16760229E-01   0.10504872E-01   0.55610582E-02   0.29649426E-02   0.15888783E-02   0.10483964E-02   0.55370132E-03   0.32884177E-03   0.77115963E-01   0.21175711E-01   0.38313979E-01   0.42903698E-01   0.16701095E-01   0.26474765E-01   0.97091623E-02   0.54706400E-02   0.29904590E-02   0.15303648E-02   0.11886090E-02   0.96241556E-03  -0.14208515       0.23342246E-01   0.31003244E-01   0.25081613E-01   0.86616234E-02   0.15666817E-01   0.78664661E-02   0.40552689E-02   0.18816123E-02   0.59636816E-03  -0.10222577E-04  -0.12652974E-03
  0.68287928       0.67484327       0.60143339       0.46981386       0.35779251       0.23798155       0.16985459       0.13394628       0.95175617E-01   0.58715065E-01   0.29382685E-01   0.75048984E-02  -0.64966126E-02   0.18472963E-01   0.19434029E-01   0.18844303E-01   0.13040032E-01   0.88377065E-02   0.57271413E-02   0.37355686E-02   0.23661392E-02   0.13252786E-02   0.61095454E-03   0.24024381E-03   0.22497080E-01   0.19562703E-01  -0.59166930E-02   0.17383592E-01   0.66464077E-02   0.97091623E-02   0.11247725E-01   0.58802960E-02   0.38399644E-02   0.23924582E-02   0.13698311E-02   0.84215079E-03   0.76808992E-01  -0.81294203E-03  -0.10445972E-01   0.67649341E-02   0.19574800E-02   0.28655407E-02   0.56988454E-02   0.41615718E-02   0.22270280E-02   0.98455081E-03   0.39448781E-03   0.22907732E-04
  0.43420290       0.44872656       0.42159266       0.34247853       0.27043196       0.18728553       0.13903892       0.10142813       0.78676298E-01   0.53733364E-01   0.28049022E-01   0.73799704E-02  -0.94919376E-02  -0.88411377E-03   0.98347997E-02   0.94310764E-02   0.71151242E-02   0.55203863E-02   0.41124692E-02   0.27782124E-02   0.19251755E-02   0.13245448E-02   0.73780841E-03   0.25805836E-03   0.54552391E-02  -0.13930008E-01  -0.19409829E-01   0.38580881E-02   0.10752072E-02   0.54706400E-02   0.58802960E-02   0.48672212E-02   0.29918728E-02   0.17267034E-02   0.89100953E-03   0.50191867E-03   0.32785923E-01  -0.17149249E-01  -0.26028060E-01  -0.38073315E-02  -0.24383751E-02   0.51826603E-03   0.27287633E-02   0.26200542E-02   0.17403963E-02   0.81505786E-03   0.30233303E-03   0.83855129E-04
  0.30229684       0.32132194       0.29479522       0.23773041       0.18820858       0.13603493       0.10735918       0.77697955E-01   0.50793087E-01   0.26815814E-01   0.88992029E-02  -0.19632950E-02  -0.84263784E-02   0.27566893E-03   0.61878659E-02   0.70095568E-02   0.45979903E-02   0.37588091E-02   0.28979047E-02   0.21000551E-02   0.12961146E-02   0.69297790E-03   0.29775519E-03   0.54951142E-04   0.17127517E-01  -0.14072391E-02  -0.15589221E-01   0.27665832E-02   0.16438141E-03   0.29904590E-02   0.38399644E-02   0.29918728E-02   0.25031160E-02   0.17057264E-02   0.97080109E-03   0.52460731E-03  -0.36800015E-02  -0.14532383E-01  -0.19813824E-01  -0.21156539E-02  -0.21343281E-02   0.24165991E-03   0.14754238E-02   0.14965559E-02   0.10355935E-02   0.64198298E-03   0.32231449E-03   0.69880655E-04
  0.20365683       0.21409178       0.18681852       0.14984583       0.11775294       0.91540217E-01   0.78863374E-01   0.57967651E-01   0.36672705E-01   0.12670625E-01  -0.94808619E-03  -0.64869745E-02  -0.41831839E-02   0.12790821E-02   0.50633696E-02   0.49784953E-02   0.28851423E-02   0.23305848E-02   0.18847542E-02   0.13628872E-02   0.77616367E-03   0.23886258E-03   0.55499423E-05  -0.60794199E-04   0.19668364E-01   0.43396563E-03  -0.84157876E-02   0.35113353E-02   0.20680143E-03   0.15303648E-02   0.23924582E-02   0.17267034E-02   0.17057264E-02   0.16082464E-02   0.10627883E-02   0.61437207E-03   0.12140170E-01  -0.74781845E-02  -0.12927334E-01   0.12953328E-03  -0.72094648E-03   0.30429286E-03   0.82242052E-03   0.77515370E-03   0.45608527E-03   0.29831645E-03   0.24299289E-03  -0.21405583E-04
  0.10853368       0.10423375       0.87056186E-01   0.67990330E-01   0.51735265E-01   0.39913581E-01   0.39441973E-01   0.31860060E-01   0.21676350E-01   0.75023335E-02  -0.49556089E-02  -0.80200491E-02  -0.53112309E-02   0.30543894E-02   0.39697367E-02   0.32378951E-02   0.14923294E-02   0.11774957E-02   0.73006160E-03   0.35111555E-03  -0.11667896E-04  -0.21973674E-03  -0.25090597E-03  -0.12242151E-03   0.48794556E-01   0.12434697E-01   0.26593240E-02   0.41225516E-02   0.10955253E-02   0.11886090E-02   0.13698311E-02   0.89100953E-03   0.97080109E-03   0.10627883E-02   0.10671758E-02   0.75728187E-03   0.36497608E-01   0.14683121E-01   0.13626986E-03   0.23967072E-02   0.11777194E-02   0.84097831E-03   0.47623846E-03   0.26960291E-03   0.13561796E-03   0.82894795E-05   0.20661211E-04  -0.13015644E-03
  0.62688777E-01   0.51484335E-01   0.39995363E-01   0.30286184E-01   0.19105343E-01   0.13682112E-01   0.17487043E-01   0.17671856E-01   0.14861681E-01   0.81888903E-02  -0.13966897E-02  -0.90140283E-02   0.30321018E-03   0.26406045E-02   0.29922678E-02   0.25433845E-02   0.65277551E-03   0.49185980E-03   0.99436744E-04  -0.11796148E-03  -0.32681373E-03  -0.36179681E-03  -0.28110670E-03  -0.15396257E-03   0.55928917E-01   0.13575426E-01   0.79354021E-02   0.27639681E-02   0.15153821E-02   0.96241556E-03   0.84215079E-03   0.50191867E-03   0.52460731E-03   0.61437207E-03   0.75728187E-03   0.78772528E-03   0.47020583E-01   0.20865379E-01   0.57938003E-02   0.19924408E-02   0.76061934E-03   0.78165494E-03   0.47799022E-03   0.10476814E-03   0.37010211E-04  -0.12896041E-03  -0.86597577E-04  -0.17697228E-03
   16.330789        9.5356492        5.1415015      -0.48846756E-01  -0.71804092       -1.8696370       -2.2867044       -2.0921815      -0.94330411      -0.54689200      -0.28041572       -1.0656753        34.657097      -0.91810957      -0.34688144E-01   0.14685554       0.39395632       0.79057561E-01   0.66022099E-01   0.94245714E-02  -0.41986718E-01  -0.70023824E-01  -0.40298095E-01  -0.18345772E-01    152.92385        3.1866137       0.76988332      -0.27082750       0.76219001      -0.14208515       0.76808992E-01   0.32785923E-01  -0.36800015E-02   0.12140170E-01   0.36497608E-01   0.47020583E-01    292.06689        3.1679938       -1.4605983      -0.55622526       0.54521789       0.77305675E-01   0.35919360E-01   0.50920257E-02   0.38863835E-01  -0.22236680E-01  -0.22640838E-01  -0.39987925E-01
 -0.76527666       -2.3623436       -2.1001929       -1.0519366       -1.5759280       -1.1965555       -1.0500279      -0.73568376      -0.62574815      -0.55443955      -0.65324412      -0.69752422       0.27943976        4.1590024       0.66058625E-01   0.25662221       0.29364543E-01   0.44597014E-01  -0.16356882E-01  -0.39108490E-01  -0.40516443E-01  -0.27995263E-01  -0.18485695E-01  -0.97527965E-02  -0.44976454        21.105160       0.44488517       0.45222164       0.14035501       0.23342246E-01  -0.81294203E-03  -0.17149249E-01  -0.14532383E-01  -0.74781845E-02   0.14683121E-01   0.20865379E-01    3.1679938        36.149759       0.19089971       0.76424558       0.23170626       0.12675350E-01   0.17923563E-01  -0.13165982E-01   0.97280901E-02  -0.49537387E-02  -0.18651241E-02  -0.38321384E-02
  0.51866924       -3.1451624       -2.1358542       -2.4382531       -2.1193447       -1.7775219       -1.3522159      -0.85844609      -0.46385908      -0.41125224E-01   0.31790752E-01   0.10029052      -0.31580271       0.17161017       0.54770601       0.37719009E-01   0.34846013E-01  -0.91038165E-03  -0.29830434E-01  -0.31424858E-01  -0.26238121E-01  -0.17166085E-01  -0.97345868E-02  -0.21515538E-02  -0.61225262       0.99169984E-01    2.8437784       0.21975287       0.17316640       0.31003244E-01  -0.10445972E-01  -0.26028060E-01  -0.19813824E-01  -0.12927334E-01   0.13626986E-03   0.57938003E-02   -1.4605983       0.19089971        6.0523042       0.25179088       0.20431321       0.67998627E-01   0.16076524E-01  -0.27064406E-02  -0.10255022E-01  -0.77807804E-02  -0.92616539E-02  -0.43969618E-02
  0.91157298       0.62890587      -0.11301656      -0.30807490      -0.39799930      -0.32145350      -0.30659773      -0.23562511      -0.26686481      -0.30392605      -0.23853887      -0.13073205       0.22672483       0.31317878       0.11774080       0.12216114       0.29767161E-01   0.13491297E-01  -0.20805775E-03  -0.38781693E-02  -0.61044078E-02  -0.66291434E-02  -0.52027230E-02  -0.29246893E-02    1.1771659       0.81683431       0.21744829       0.50493785       0.46112798E-01   0.25081613E-01   0.67649341E-02  -0.38073315E-02  -0.21156539E-02   0.12953328E-03   0.23967072E-02   0.19924408E-02  -0.55622526       0.76424558       0.25179088       0.94486257       0.61671731E-01   0.34561048E-01   0.77125288E-02   0.99678251E-03  -0.17302334E-02  -0.54148169E-03  -0.25026410E-05  -0.14014330E-02
  0.41546607       0.10681279      -0.12324284      -0.34263356      -0.24905907      -0.21162397      -0.22791529      -0.16138478      -0.11629328      -0.10391624      -0.66460723E-01  -0.16448701E-02   0.13343432       0.53606715E-01   0.57701703E-01   0.24247785E-01   0.23618304E-01   0.25306279E-02  -0.19664835E-02  -0.45425302E-02  -0.47586197E-02  -0.38465668E-02  -0.23100000E-02  -0.44352996E-03   0.47581625       0.15069055       0.98301100E-01   0.82245496E-01   0.69726087E-01   0.86616234E-02   0.19574800E-02  -0.24383751E-02  -0.21343281E-02  -0.72094648E-03   0.11777194E-02   0.76061934E-03   0.54521789       0.23170626       0.20431321       0.61671731E-01   0.16999889       0.17305676E-01   0.27120320E-02  -0.11375350E-03  -0.11723544E-02  -0.11460123E-02  -0.86857407E-03  -0.85758914E-03
  0.42649413       0.26643711       0.16266398       0.35129892E-01  -0.39153975E-01  -0.51651986E-01  -0.35194758E-01  -0.14306689E-01  -0.88712064E-02   0.12905914E-02   0.19976879E-02   0.53117097E-02   0.81071629E-01   0.60477649E-01   0.39447967E-01   0.22516824E-01   0.95796824E-02   0.44838651E-02   0.87764199E-03  -0.66647042E-03  -0.13556288E-02  -0.11320926E-02  -0.72173539E-03   0.12078144E-04   0.23943541       0.43886322E-01   0.66019210E-01   0.47413369E-01   0.19256525E-01   0.15666817E-01   0.28655407E-02   0.51826603E-03   0.24165991E-03   0.30429286E-03   0.84097831E-03   0.78165494E-03   0.77305675E-01   0.12675350E-01   0.67998627E-01   0.34561048E-01   0.17305676E-01   0.30741520E-01   0.39582931E-02   0.62166296E-03  -0.21252634E-03  -0.42852011E-03  -0.41779646E-03  -0.23225800E-03
  0.42312286       0.39366801       0.31710785       0.23006073       0.14727894       0.83376510E-01   0.69584556E-01   0.58243749E-01   0.41834104E-01   0.28787748E-01   0.15853774E-01  -0.14545593E-03   0.94866350E-02   0.22617725E-01   0.17777034E-01   0.15121499E-01   0.79626175E-02   0.46225718E-02   0.27023255E-02   0.15523898E-02   0.85165252E-03   0.38811556E-03   0.18356786E-03   0.44912280E-04   0.59229388E-01   0.11766908E-01   0.20383750E-01   0.16626205E-01   0.70135929E-02   0.78664661E-02   0.56988454E-02   0.27287633E-02   0.14754238E-02   0.82242052E-03   0.47623846E-03   0.47799022E-03   0.35919360E-01   0.17923563E-01   0.16076524E-01   0.77125288E-02   0.27120320E-02   0.39582931E-02   0.70677745E-02   0.24857906E-02   0.11677990E-02   0.46510191E-03   0.16763100E-03   0.58032321E-04
  0.34251221       0.33168848       0.30624991       0.23663120       0.17778551       0.11455959       0.74825924E-01   0.56777444E-01   0.43028525E-01   0.28988934E-01   0.19071913E-01   0.69672906E-02  -0.43711882E-02  -0.32945202E-02   0.77355606E-02   0.74301561E-02   0.50111560E-02   0.36265511E-02   0.24298975E-02   0.16610517E-02   0.12356799E-02   0.85347650E-03   0.48902106E-03   0.21017726E-03  -0.29112301E-01  -0.10103810E-01  -0.98111099E-02   0.53009336E-02   0.27810225E-02   0.40552689E-02   0.41615718E-02   0.26200542E-02   0.14965559E-02   0.77515370E-03   0.26960291E-03   0.10476814E-03   0.50920257E-02  -0.13165982E-01  -0.27064406E-02   0.99678251E-03  -0.11375350E-03   0.62166296E-03   0.24857906E-02   0.27834454E-02   0.12621605E-02   0.62506291E-03   0.22754893E-03   0.27423376E-04
  0.19427896       0.19369054       0.18200277       0.15021987       0.11923007       0.81957656E-01   0.55278546E-01   0.37624297E-01   0.27861066E-01   0.20100451E-01   0.11770975E-01   0.45851731E-02   0.90310200E-04  -0.12630708E-02   0.32857774E-02   0.36868054E-02   0.28671808E-02   0.23271505E-02   0.17087312E-02   0.11682074E-02   0.83280902E-03   0.60751115E-03   0.35838144E-03   0.15247901E-03   0.14239184E-01   0.20498962E-02  -0.12484745E-01  -0.53471606E-04   0.47635385E-03   0.18816123E-02   0.22270280E-02   0.17403963E-02   0.10355935E-02   0.45608527E-03   0.13561796E-03   0.37010211E-04   0.38863835E-01   0.97280901E-02  -0.10255022E-01  -0.17302334E-02  -0.11723544E-02  -0.21252634E-03   0.11677990E-02   0.12621605E-02   0.10651600E-02   0.53589207E-03   0.24364052E-03   0.10694954E-03
  0.98721518E-01   0.10855634       0.98837855E-01   0.81927918E-01   0.65940998E-01   0.46924840E-01   0.32040966E-01   0.18643463E-01   0.70855565E-02   0.14169036E-02  -0.75816861E-04   0.53825077E-03  -0.28590600E-02  -0.60281069E-03   0.14843468E-02   0.20119262E-02   0.14355006E-02   0.12346389E-02   0.10367486E-02   0.77809096E-03   0.52536120E-03   0.31529145E-03   0.15056654E-03   0.39895345E-04  -0.25502036E-01  -0.24402868E-02  -0.92026644E-02   0.13949067E-03  -0.76316280E-03   0.59636816E-03   0.98455081E-03   0.81505786E-03   0.64198298E-03   0.29831645E-03   0.82894795E-05  -0.12896041E-03  -0.22236680E-01  -0.49537387E-02  -0.77807804E-02  -0.54148169E-03  -0.11460123E-02  -0.42852011E-03   0.46510191E-03   0.62506291E-03   0.53589207E-03   0.55348655E-03   0.29465516E-03   0.14545482E-03
  0.47681256E-01   0.58129195E-01   0.50561348E-01   0.45378306E-01   0.36217444E-01   0.29838288E-01   0.24093560E-01   0.16130014E-01   0.71601875E-02  -0.12484735E-02  -0.34433005E-02  -0.22388590E-02  -0.28770701E-02  -0.57960709E-03   0.59761364E-03   0.11791088E-02   0.58558040E-03   0.56343859E-03   0.59969984E-03   0.49503341E-03   0.34586768E-03   0.16030596E-03   0.44185042E-04  -0.17513939E-04  -0.22592624E-01  -0.64450578E-03  -0.61966328E-02   0.16502826E-03  -0.79782531E-03  -0.10222577E-04   0.39448781E-03   0.30233303E-03   0.32231449E-03   0.24299289E-03   0.20661211E-04  -0.86597577E-04  -0.22640838E-01  -0.18651241E-02  -0.92616539E-02  -0.25026410E-05  -0.86857407E-03  -0.41779646E-03   0.16763100E-03   0.22754893E-03   0.24364052E-03   0.29465516E-03   0.34259497E-03   0.20328506E-03
  0.77238516E-02   0.93371136E-02   0.13075175E-01   0.16130119E-01   0.13632944E-01   0.12731229E-01   0.12888330E-01   0.10916994E-01   0.77888597E-02   0.48026802E-02   0.70172625E-03   0.17687067E-02  -0.85231580E-02  -0.70232719E-03   0.11293453E-03  -0.51439818E-04   0.12297559E-03   0.13519598E-03   0.22396759E-03   0.23224996E-03   0.21703454E-03   0.15877371E-03   0.77982869E-04   0.23651879E-04  -0.36706475E-01  -0.49663668E-02  -0.36073346E-02  -0.10549042E-02  -0.45980225E-03  -0.12652974E-03   0.22907732E-04   0.83855129E-04   0.69880655E-04  -0.21405583E-04  -0.13015644E-03  -0.17697228E-03  -0.39987925E-01  -0.38321384E-02  -0.43969618E-02  -0.14014330E-02  -0.85758914E-03  -0.23225800E-03   0.58032321E-04   0.27423376E-04   0.10694954E-03   0.14545482E-03   0.20328506E-03   0.30996947E-03
