   387.84926        300.27163        244.78840        193.20873        151.00836        104.76476        74.432230        48.334237        28.901194        13.936462        7.6613489        4.0427620        15.522586        3.0567583        9.2411593        7.0597640        5.4942244        3.9323988        2.6351702        1.6639125        1.0030987       0.51341493       0.22350804       0.12966843        6.7410575       -6.7332696        5.7709098       0.78409696E-01    2.9347197        3.3948766        2.9834140        2.1859615        1.4341402       0.83496742       0.36310271       0.85514616E-01    19.981074       -7.0893151        1.4480477        3.0702466        1.3358554        1.1683091        1.6767951        1.7574059        1.0614217       0.61790699       0.25330345       0.12228349    
   300.27163        271.78273        222.32102        178.78739        140.33964        98.614025        72.631303        48.630174        29.535422        14.602380        7.7610884        4.1735828        10.862193        2.6094129        6.9367918        5.7419565        4.7235471        3.4651149        2.4027835        1.6044484        1.0154246       0.53424700       0.23712830       0.13529458        6.5924388       -6.4127215        1.7992609      -0.84834931        2.5086270        2.8956367        2.6517647        1.9307760        1.3284116       0.81964315       0.37381002       0.92369490E-01    26.687750       -3.2918515       -3.1362731        1.1826538       0.65197407       0.73337537        1.4619956        1.5248572       0.92384149       0.55343178       0.23751262       0.11527031    
   244.78840        222.32102        193.53304        157.17092        125.27264        90.110367        67.999937        45.991237        27.907021        13.869352        7.2168033        3.9409557        7.9633484        1.3277024        5.3243145        4.6594209        4.0111418        3.0114110        2.1626822        1.4684874       0.94867467       0.49832826       0.22307639       0.12761228        6.4173874       -5.6726534      -0.81952498       -1.4930236        1.7795143        2.3646636        2.2645365        1.6771773        1.1734947       0.74764373       0.35423341       0.91056973E-01    22.319736       -4.2318419       -4.0996654       0.12846597       0.14248913       0.38238829        1.2013850        1.2954891       0.78668995       0.48632768       0.22201307       0.10887777    
   193.20873        178.78739        157.17092        134.89912        108.21143        79.279159        60.615994        40.683759        24.082160        11.463966        5.7564910        3.4763905        5.3781477       0.85461549        4.0067348        3.8090237        3.3544136        2.5888138        1.8853717        1.2922836       0.84790564       0.44209846       0.19471737       0.11150989        1.1742505       -4.8688934       -1.3213985       -1.6763656        1.1383767        1.8558146        1.8632070        1.4115606        1.0116921       0.66948668       0.32007070       0.73062737E-01    10.066230       -3.4507171       -5.0282138      -0.95445582E-02  -0.24615736       0.15267725       0.92195780        1.0479304       0.64361555       0.41939721       0.20585713       0.96899439E-01
   151.00836        140.33964        125.27264        108.21143        89.626335        66.746785        51.448723        34.514545        20.635760        9.9433727        4.8699380        2.9372051        3.3488008       0.46151043        3.1134587        2.9601266        2.6741883        2.1131935        1.5530709        1.0641341       0.70347455       0.36679757       0.16193655       0.96446926E-01    1.0977716       -4.9398813       -1.7128350       -1.3188978       0.77006398        1.4249171        1.4882841        1.1392447       0.81997644       0.55583488       0.27440617       0.62921347E-01    8.4272771       -3.1255192       -4.7551297      -0.20033743      -0.17811774      -0.10929353E-01   0.68894907       0.83069965       0.51519968       0.34015914       0.17492213       0.85915366E-01
   104.76476        98.614025        90.110367        79.279159        66.746785        52.580171        42.402566        29.322891        17.742713        8.8027495        4.0794063        2.4304133        1.7143862       0.33775746        2.0053045        2.0015704        1.8694872        1.5239198        1.1632729       0.82184819       0.55805920       0.29234051       0.13105581       0.81015099E-01   -3.1230561       -2.9123997       -1.6502014       -1.0174565       0.47516693       0.91400780        1.0295194       0.78609934       0.59702572       0.43770194       0.23362264       0.62026346E-01   -1.1751220       -1.3154520       -3.9868692      -0.20515971      -0.18043555      -0.11287713       0.44374332       0.56474820       0.34344012       0.24606784       0.14246321       0.75101448E-01
   74.432230        72.631303        67.999937        60.615994        51.448723        42.402566        37.359442        27.431839        17.017735        8.7341773        3.7977330        2.1245374       0.56468216       0.43632476        1.2253580        1.3567764        1.3501156        1.1253346       0.92068841       0.69541066       0.49352787       0.26200948       0.11797926       0.72532099E-01   -4.0378949       -1.0253789       -1.8766861      -0.89862587       0.27943586       0.60360050       0.71438927       0.52854822       0.44787027       0.36393391       0.21280772       0.67511686E-01   -4.1361428       0.26358468       -3.7106657      -0.14696868      -0.21536837      -0.19414126       0.31995265       0.38173173       0.21056083       0.17365087       0.11715650       0.70348222E-01
   48.334237        48.630174        45.991237        40.683759        34.514545        29.322891        27.431839        22.278968        14.689543        8.1571390        3.7011916        1.8135861       0.10365336       0.51559572       0.81149091       0.83918535       0.86070684       0.71645982       0.61180902       0.49464467       0.36643683       0.20315496       0.96916575E-01   0.60158106E-01   -2.1870512        1.3247201       -1.1375088      -0.56214708       0.15797798       0.38143667       0.47081795       0.30456969       0.28051790       0.25077574       0.16465930       0.69473094E-01  -0.42105967        2.0016138       -2.6653732       0.53351584E-01  -0.25662207      -0.19065382       0.22215899       0.24922690       0.10648324       0.93404613E-01   0.73583117E-01   0.52404127E-01
   28.901194        29.535422        27.907021        24.082160        20.635760        17.742713        17.017735        14.689543        10.952488        6.8023455        3.1489203        1.3936716      -0.30652272       0.23787658       0.54046413       0.51039519       0.49955881       0.42068176       0.36827018       0.30684655       0.23651519       0.14300189       0.73271387E-01   0.44812118E-01  -0.54311841        1.7322603      -0.52003877      -0.31627204       0.71782808E-01   0.21201786       0.28633961       0.17420041       0.14679835       0.13766309       0.10705699       0.58941168E-01    1.8949172        2.0931099       -1.5810740       0.17206627E-01  -0.16202946      -0.14625941       0.14349123       0.14661001       0.57124401E-01   0.33419235E-01   0.28197765E-01   0.31670055E-01
   13.936462        14.602380        13.869352        11.463966        9.9433727        8.8027495        8.7341773        8.1571390        6.8023455        5.0545484        2.4501850       0.95936416      -0.46260385       0.25091566       0.30816789       0.25729937       0.21706585       0.19548538       0.17786487       0.15522658       0.12372479       0.85934686E-01   0.48902248E-01   0.29771290E-01  -0.55967690        1.6448143      -0.19562689      -0.14270235       0.20553492E-01   0.76206161E-01   0.13840239       0.78884876E-01   0.58943327E-01   0.54265460E-01   0.56794310E-01   0.43355473E-01    2.0691144        1.7788127      -0.75320548      -0.62753909E-01  -0.12834583      -0.10391462       0.68423340E-01   0.67091963E-01   0.23198009E-01   0.10295078E-02  -0.15131560E-02   0.14875493E-01
   7.6613489        7.7610884        7.2168033        5.7564910        4.8699380        4.0794063        3.7977330        3.7011916        3.1489203        2.4501850        1.7542268       0.86525715       0.25983861       0.16179827       0.31855618       0.17956126       0.13307782       0.10871644       0.86854022E-01   0.70166255E-01   0.53726531E-01   0.37610790E-01   0.26385150E-01   0.19165578E-01   0.68303541       0.73792273       0.18341543       0.53658550E-02   0.47279115E-01   0.68910658E-01   0.83827869E-01   0.42486770E-01   0.28097288E-01   0.23077669E-01   0.20163910E-01   0.19944223E-01    2.6321770       0.73354703      -0.26037924       0.54774068E-01  -0.61326013E-01  -0.21986219E-01   0.42404280E-01   0.41765789E-01   0.14843287E-01   0.43595765E-03  -0.55065079E-03   0.24624821E-02
   4.0427620        4.1735828        3.9409557        3.4763905        2.9372051        2.4304133        2.1245374        1.8135861        1.3936716       0.95936416       0.86525715       0.87033446       0.14873739       0.68361077E-01   0.19369679       0.10851790       0.93986549E-01   0.70637435E-01   0.52623173E-01   0.40372695E-01   0.28593062E-01   0.17425360E-01   0.12090383E-01   0.13304436E-01   0.61752016E-01   0.97230029E-01   0.15113760       0.11331565E-01   0.39294792E-01   0.63954385E-01   0.50322997E-01   0.24392016E-01   0.18765188E-01   0.16650760E-01   0.12107488E-01   0.44489070E-02   0.65477582      -0.19099202      -0.25546609       0.47392112E-01   0.65392189E-02   0.15249280E-01   0.22476553E-01   0.24150125E-01   0.72735367E-02   0.31521858E-02   0.22092512E-02  -0.35842923E-03
   15.522586        10.862193        7.9633484        5.3781477        3.3488008        1.7143862       0.56468216       0.10365336      -0.30652272      -0.46260385       0.25983861       0.14873739        17.435196       0.35919104       0.29564997       0.50580587       0.27394698       0.17626607       0.69678000E-01   0.25740665E-01   0.60166410E-02  -0.47926491E-02   0.14787749E-02   0.18936288E-02    30.167224        1.7060404       0.32523103       0.23301887       0.22066911       0.18114526       0.55168498E-01   0.44553502E-01   0.32892871E-01   0.20871031E-01  -0.45399738E-02  -0.81976712E-02    35.429383        1.9739840       0.55113114       0.64327314       0.14541617       0.19052860       0.98947063E-01   0.37241939E-01   0.36817380E-01   0.31455887E-01   0.20952469E-01   0.47837325E-02
   3.0567583        2.6094129        1.3277024       0.85461549       0.46151043       0.33775746       0.43632476       0.51559572       0.23787658       0.25091566       0.16179827       0.68361077E-01   0.35919104        2.7077718       0.30051917       0.16639161       0.82898915E-01   0.47764584E-01   0.13015605E-01   0.86071941E-02   0.29266780E-02   0.19883120E-02   0.21279269E-02   0.90913552E-03   0.29731226        3.5723875       0.52255906       0.28973163       0.13651081       0.43836151E-01   0.24944987E-01  -0.16644693E-02   0.47681732E-02   0.26164045E-02   0.65757824E-03   0.17410662E-02   0.98251576        2.9243624       0.57523427       0.30113480       0.84190823E-01   0.60465179E-01   0.22919776E-01   0.10836098E-01   0.16967189E-02   0.23857594E-02   0.72764035E-03   0.14834642E-02
   9.2411593        6.9367918        5.3243145        4.0067348        3.1134587        2.0053045        1.2253580       0.81149091       0.54046413       0.30816789       0.31855618       0.19369679       0.29564997       0.30051917       0.85657775       0.28395892       0.18292787       0.11586275       0.62730871E-01   0.31874656E-01   0.14078193E-01   0.77363303E-02   0.41681754E-02   0.39574911E-02   0.20880787       0.36275250        1.1131084       0.23613019       0.13902539       0.12037553       0.81365477E-01   0.49866964E-01   0.27414733E-01   0.14018677E-01   0.63346955E-02   0.28818635E-02    1.5410591       0.46072804       0.93842334       0.32853134       0.92871143E-01   0.76809370E-01   0.46602960E-01   0.47415248E-01   0.23946281E-01   0.11121379E-01   0.36939233E-02   0.46190599E-03
   7.0597640        5.7419565        4.6594209        3.8090237        2.9601266        2.0015704        1.3567764       0.83918535       0.51039519       0.25729937       0.17956126       0.10851790       0.50580587       0.16639161       0.28395892       0.24046568       0.13349797       0.92431666E-01   0.57034450E-01   0.34071842E-01   0.19318912E-01   0.10126326E-01   0.48231215E-02   0.32358942E-02   0.48928288       0.12118779       0.24732403       0.10747473       0.75434093E-01   0.75565680E-01   0.61072060E-01   0.43921049E-01   0.27635869E-01   0.16239922E-01   0.65968825E-02   0.13479127E-02    1.0770189       0.55145690E-01   0.12150365       0.14206094       0.40534199E-01   0.30961141E-01   0.34371266E-01   0.34683283E-01   0.21154410E-01   0.11920473E-01   0.53476209E-02   0.21809060E-02
   5.4942244        4.7235471        4.0111418        3.3544136        2.6741883        1.8694872        1.3501156       0.86070684       0.49955881       0.21706585       0.13307782       0.93986549E-01   0.27394698       0.82898915E-01   0.18292787       0.13349797       0.11764626       0.78363656E-01   0.51703519E-01   0.32972597E-01   0.20021439E-01   0.10003362E-01   0.44069389E-02   0.24853206E-02   0.38916746      -0.11023707       0.93877957E-01   0.94813595E-02   0.56826961E-01   0.61169958E-01   0.53060403E-01   0.37469481E-01   0.24908601E-01   0.15152877E-01   0.63087034E-02   0.10317792E-02   0.71244014      -0.98006141E-01   0.22799230E-02   0.60264090E-01   0.23213641E-01   0.19721526E-01   0.28732029E-01   0.29138621E-01   0.17726190E-01   0.10546182E-01   0.48830003E-02   0.19402837E-02
   3.9323988        3.4651149        3.0114110        2.5888138        2.1131935        1.5239198        1.1253346       0.71645982       0.42068176       0.19548538       0.10871644       0.70637435E-01   0.17626607       0.47764584E-01   0.11586275       0.92431666E-01   0.78363656E-01   0.61962630E-01   0.42158513E-01   0.27385633E-01   0.17143542E-01   0.89189186E-02   0.39454678E-02   0.21723403E-02   0.27687094      -0.93477410E-01   0.20069095E-01  -0.16959181E-01   0.26730456E-01   0.40025831E-01   0.38103393E-01   0.29256338E-01   0.19826346E-01   0.12323706E-01   0.53881401E-02   0.74247899E-03   0.55708755      -0.53004727E-01  -0.44577000E-01   0.15513496E-01   0.51370012E-02   0.85048211E-02   0.18430932E-01   0.20934591E-01   0.13353154E-01   0.81824000E-02   0.38175603E-02   0.16595035E-02
   2.6351702        2.4027835        2.1626822        1.8853717        1.5530709        1.1632729       0.92068841       0.61180902       0.36827018       0.17786487       0.86854022E-01   0.52623173E-01   0.69678000E-01   0.13015605E-01   0.62730871E-01   0.57034450E-01   0.51703519E-01   0.42158513E-01   0.32396303E-01   0.22093499E-01   0.14477223E-01   0.77068989E-02   0.34000193E-02   0.17778522E-02   0.10906902      -0.68917738E-01  -0.27445337E-01  -0.28092909E-01   0.13912928E-01   0.24326867E-01   0.25015134E-01   0.20050055E-01   0.14477510E-01   0.93866666E-02   0.44050864E-02   0.71694534E-03   0.28951325      -0.35084760E-01  -0.72363245E-01  -0.47361183E-02  -0.11263033E-02   0.13293104E-02   0.12067424E-01   0.13480036E-01   0.87458363E-02   0.57112708E-02   0.28739489E-02   0.13203675E-02
   1.6639125        1.6044484        1.4684874        1.2922836        1.0641341       0.82184819       0.69541066       0.49464467       0.30684655       0.15522658       0.70166255E-01   0.40372695E-01   0.25740665E-01   0.86071941E-02   0.31874656E-01   0.34071842E-01   0.32972597E-01   0.27385633E-01   0.22093499E-01   0.16507828E-01   0.11420878E-01   0.62654900E-02   0.28094557E-02   0.14076125E-02   0.17849839E-01  -0.21596417E-01  -0.39849111E-01  -0.24639707E-01   0.65561720E-02   0.14854642E-01   0.15911687E-01   0.12292638E-01   0.95338843E-02   0.66572133E-02   0.33882159E-02   0.72206265E-03   0.12269958      -0.96976476E-02  -0.67916751E-01  -0.62565208E-02  -0.51699326E-02  -0.17261698E-02   0.78958303E-02   0.85064574E-02   0.50792093E-02   0.35777528E-02   0.20412756E-02   0.11224628E-02
   1.0030987        1.0154246       0.94867467       0.84790564       0.70347455       0.55805920       0.49352787       0.36643683       0.23651519       0.12372479       0.53726531E-01   0.28593062E-01   0.60166410E-02   0.29266780E-02   0.14078193E-01   0.19318912E-01   0.20021439E-01   0.17143542E-01   0.14477223E-01   0.11420878E-01   0.85301084E-02   0.48328665E-02   0.22164404E-02   0.10685788E-02  -0.23457909E-01  -0.85242520E-02  -0.39397373E-01  -0.18712635E-01   0.19783497E-02   0.85357355E-02   0.97691656E-02   0.72531607E-02   0.57819838E-02   0.43414977E-02   0.23224417E-02   0.52588112E-03   0.21407202E-01  -0.47826865E-02  -0.58906972E-01  -0.55570450E-02  -0.60831672E-02  -0.30558640E-02   0.47281867E-02   0.51991685E-02   0.28435824E-02   0.21194249E-02   0.13867305E-02   0.89664740E-03
  0.51341493       0.53424700       0.49832826       0.44209846       0.36679757       0.29234051       0.26200948       0.20315496       0.14300189       0.85934686E-01   0.37610790E-01   0.17425360E-01  -0.47926491E-02   0.19883120E-02   0.77363303E-02   0.10126326E-01   0.10003362E-01   0.89189186E-02   0.77068989E-02   0.62654900E-02   0.48328665E-02   0.30529130E-02   0.14809511E-02   0.67590910E-03  -0.35782734E-01   0.63046726E-02  -0.22336813E-01  -0.10913239E-01   0.53660678E-03   0.41108219E-02   0.51481543E-02   0.37772079E-02   0.28399115E-02   0.19976437E-02   0.11961646E-02   0.36323536E-03   0.37071339E-02   0.66750731E-02  -0.31422221E-01  -0.49199096E-02  -0.43996703E-02  -0.18927534E-02   0.23979701E-02   0.26571001E-02   0.14567369E-02   0.88646594E-03   0.53599559E-03   0.46061620E-03
  0.22350804       0.23712830       0.22307639       0.19471737       0.16193655       0.13105581       0.11797926       0.96916575E-01   0.73271387E-01   0.48902248E-01   0.26385150E-01   0.12090383E-01   0.14787749E-02   0.21279269E-02   0.41681754E-02   0.48231215E-02   0.44069389E-02   0.39454678E-02   0.34000193E-02   0.28094557E-02   0.22164404E-02   0.14809511E-02   0.86264688E-03   0.41559066E-03  -0.15344898E-01   0.10647219E-01  -0.80749111E-02  -0.37383252E-02   0.19460951E-03   0.17043111E-02   0.22672303E-02   0.15441341E-02   0.11194689E-02   0.77977818E-03   0.44888501E-03   0.21283718E-03   0.35795153E-02   0.53105534E-02  -0.13482589E-01  -0.14882274E-02  -0.22376567E-02  -0.86442116E-03   0.10780721E-02   0.11628514E-02   0.60149459E-03   0.31263960E-03   0.21501039E-03   0.20976451E-03
  0.12966843       0.13529458       0.12761228       0.11150989       0.96446926E-01   0.81015099E-01   0.72532099E-01   0.60158106E-01   0.44812118E-01   0.29771290E-01   0.19165578E-01   0.13304436E-01   0.18936288E-02   0.90913552E-03   0.39574911E-02   0.32358942E-02   0.24853206E-02   0.21723403E-02   0.17778522E-02   0.14076125E-02   0.10685788E-02   0.67590910E-03   0.41559066E-03   0.33441429E-03  -0.34150890E-02   0.77107648E-02  -0.51686896E-03  -0.78956328E-03   0.52764692E-03   0.12560743E-02   0.13911693E-02   0.82191126E-03   0.65021605E-03   0.55041334E-03   0.37307261E-03   0.14979857E-03   0.62166049E-02   0.46416881E-02  -0.87725537E-02   0.36467653E-03  -0.45736658E-03  -0.32911118E-03   0.57205155E-03   0.68592320E-03   0.29204821E-03   0.15756674E-03   0.13623078E-03   0.11388007E-03
   6.7410575        6.5924388        6.4173874        1.1742505        1.0977716       -3.1230561       -4.0378949       -2.1870512      -0.54311841      -0.55967690       0.68303541       0.61752016E-01    30.167224       0.29731226       0.20880787       0.48928288       0.38916746       0.27687094       0.10906902       0.17849839E-01  -0.23457909E-01  -0.35782734E-01  -0.15344898E-01  -0.34150890E-02    173.40895        5.1150313       0.84199341      -0.91037419E-01  -0.84671294E-01   0.24314124       0.32052863E-01   0.31963117E-01   0.35924934E-01   0.11841137E-01  -0.93282318E-02  -0.13436633E-01    175.27106        4.4973973       -1.1641189       0.53252585      -0.29644579E-01   0.11572210       0.17387198       0.42309950E-01   0.72800163E-01  -0.42376622E-02  -0.57648811E-02   0.21655666E-02
  -6.7332696       -6.4127215       -5.6726534       -4.8688934       -4.9398813       -2.9123997       -1.0253789        1.3247201        1.7322603        1.6448143       0.73792273       0.97230029E-01    1.7060404        3.5723875       0.36275250       0.12118779      -0.11023707      -0.93477410E-01  -0.68917738E-01  -0.21596417E-01  -0.85242520E-02   0.63046726E-02   0.10647219E-01   0.77107648E-02    5.1150313        23.457539        1.5704950       0.29704494       0.18989839E-01  -0.83475358E-01  -0.84854236E-01  -0.11287210      -0.63571409E-01  -0.37491306E-01   0.68218170E-03   0.22407916E-01    8.1800704        20.025810        1.3548174       0.84200535      -0.70570363E-01   0.60933247E-02  -0.15151265E-01  -0.44438894E-01  -0.49933483E-01  -0.42579171E-01  -0.23254224E-01  -0.14140698E-02
   5.7709098        1.7992609      -0.81952498       -1.3213985       -1.7128350       -1.6502014       -1.8766861       -1.1375088      -0.52003877      -0.19562689       0.18341543       0.15113760       0.32523103       0.52255906        1.1131084       0.24732403       0.93877957E-01   0.20069095E-01  -0.27445337E-01  -0.39849111E-01  -0.39397373E-01  -0.22336813E-01  -0.80749111E-02  -0.51686896E-03   0.84199341        1.5704950        4.3322530       0.50955026       0.18298355       0.95178485E-01   0.10860445E-01  -0.80586625E-02  -0.15537644E-01  -0.13470659E-01  -0.35005310E-02   0.45195533E-02    2.5692143        2.2345610        3.5128611       0.59851298       0.16847920       0.14156231       0.19760221E-01   0.13626830E-01  -0.30510242E-02  -0.58887737E-02  -0.64691080E-02  -0.52654087E-02
  0.78409696E-01  -0.84834931       -1.4930236       -1.6763656       -1.3188978       -1.0174565      -0.89862587      -0.56214708      -0.31627204      -0.14270235       0.53658550E-02   0.11331565E-01   0.23301887       0.28973163       0.23613019       0.10747473       0.94813595E-02  -0.16959181E-01  -0.28092909E-01  -0.24639707E-01  -0.18712635E-01  -0.10913239E-01  -0.37383252E-02  -0.78956328E-03  -0.91037419E-01   0.29704494       0.50955026       0.72326708       0.84290535E-01   0.15101948E-01  -0.11747629E-01  -0.20340586E-01  -0.17137313E-01  -0.86891851E-02  -0.40049148E-02   0.30669212E-04  -0.52005417       0.16931251       0.48271763       0.55070416       0.11816557       0.48435551E-01   0.35855239E-02  -0.51856369E-02  -0.69472184E-02  -0.53627245E-02  -0.17623997E-02  -0.11559649E-02
   2.9347197        2.5086270        1.7795143        1.1383767       0.77006398       0.47516693       0.27943586       0.15797798       0.71782808E-01   0.20553492E-01   0.47279115E-01   0.39294792E-01   0.22066911       0.13651081       0.13902539       0.75434093E-01   0.56826961E-01   0.26730456E-01   0.13912928E-01   0.65561720E-02   0.19783497E-02   0.53660678E-03   0.19460951E-03   0.52764692E-03  -0.84671294E-01   0.18989839E-01   0.18298355       0.84290535E-01   0.14833039       0.42575105E-01   0.24247308E-01   0.11667366E-01   0.78743149E-02   0.33092950E-02   0.76387158E-03   0.19323979E-03   0.39766049      -0.24901715E-02   0.19685632       0.11412477       0.88865388E-01   0.41485328E-01   0.19139540E-01   0.12853599E-01   0.66034649E-02   0.36382061E-02   0.12593545E-02   0.51519442E-04
   3.3948766        2.8956367        2.3646636        1.8558146        1.4249171       0.91400780       0.60360050       0.38143667       0.21201786       0.76206161E-01   0.68910658E-01   0.63954385E-01   0.18114526       0.43836151E-01   0.12037553       0.75565680E-01   0.61169958E-01   0.40025831E-01   0.24326867E-01   0.14854642E-01   0.85357355E-02   0.41108219E-02   0.17043111E-02   0.12560743E-02   0.24314124      -0.83475358E-01   0.95178485E-01   0.15101948E-01   0.42575105E-01   0.56567160E-01   0.33818814E-01   0.21890242E-01   0.13800653E-01   0.77405472E-02   0.29966870E-02   0.78843757E-04   0.55299948      -0.73688936E-01   0.76502433E-01   0.43046426E-01   0.18955928E-01   0.25603247E-01   0.19671275E-01   0.18768271E-01   0.10437366E-01   0.61679345E-02   0.24676755E-02   0.71016684E-03
   2.9834140        2.6517647        2.2645365        1.8632070        1.4882841        1.0295194       0.71438927       0.47081795       0.28633961       0.13840239       0.83827869E-01   0.50322997E-01   0.55168498E-01   0.24944987E-01   0.81365477E-01   0.61072060E-01   0.53060403E-01   0.38103393E-01   0.25015134E-01   0.15911687E-01   0.97691656E-02   0.51481543E-02   0.22672303E-02   0.13911693E-02   0.32052863E-01  -0.84854236E-01   0.10860445E-01  -0.11747629E-01   0.24247308E-01   0.33818814E-01   0.34170341E-01   0.22833590E-01   0.14497264E-01   0.83437991E-02   0.36749163E-02   0.91425035E-03   0.31814914      -0.73646061E-01  -0.40185626E-01   0.97693579E-02   0.20221532E-02   0.71714458E-02   0.16346848E-01   0.17846519E-01   0.10338891E-01   0.56093724E-02   0.21632126E-02   0.86657429E-03
   2.1859615        1.9307760        1.6771773        1.4115606        1.1392447       0.78609934       0.52854822       0.30456969       0.17420041       0.78884876E-01   0.42486770E-01   0.24392016E-01   0.44553502E-01  -0.16644693E-02   0.49866964E-01   0.43921049E-01   0.37469481E-01   0.29256338E-01   0.20050055E-01   0.12292638E-01   0.72531607E-02   0.37772079E-02   0.15441341E-02   0.82191126E-03   0.31963117E-01  -0.11287210      -0.80586625E-02  -0.20340586E-01   0.11667366E-01   0.21890242E-01   0.22833590E-01   0.19065296E-01   0.12029632E-01   0.67098497E-02   0.28293669E-02   0.47385033E-03   0.18963077      -0.94947847E-01  -0.34197568E-01  -0.12463753E-01  -0.15129157E-02   0.35741420E-02   0.10531869E-01   0.12452691E-01   0.86207256E-02   0.47880016E-02   0.17355333E-02   0.67806731E-03
   1.4341402        1.3284116        1.1734947        1.0116921       0.81997644       0.59702572       0.44787027       0.28051790       0.14679835       0.58943327E-01   0.28097288E-01   0.18765188E-01   0.32892871E-01   0.47681732E-02   0.27414733E-01   0.27635869E-01   0.24908601E-01   0.19826346E-01   0.14477510E-01   0.95338843E-02   0.57819838E-02   0.28399115E-02   0.11194689E-02   0.65021605E-03   0.35924934E-01  -0.63571409E-01  -0.15537644E-01  -0.17137313E-01   0.78743149E-02   0.13800653E-01   0.14497264E-01   0.12029632E-01   0.91591832E-02   0.58418528E-02   0.26686872E-02   0.48815511E-03   0.13743729      -0.43746761E-01  -0.32023280E-01  -0.86584698E-02  -0.24206082E-02   0.10552503E-02   0.66411170E-02   0.77626701E-02   0.52644523E-02   0.35697164E-02   0.16567720E-02   0.63988072E-03
  0.83496742       0.81964315       0.74764373       0.66948668       0.55583488       0.43770194       0.36393391       0.25077574       0.13766309       0.54265460E-01   0.23077669E-01   0.16650760E-01   0.20871031E-01   0.26164045E-02   0.14018677E-01   0.16239922E-01   0.15152877E-01   0.12323706E-01   0.93866666E-02   0.66572133E-02   0.43414977E-02   0.19976437E-02   0.77977818E-03   0.55041334E-03   0.11841137E-01  -0.37491306E-01  -0.13470659E-01  -0.86891851E-02   0.33092950E-02   0.77405472E-02   0.83437991E-02   0.67098497E-02   0.58418528E-02   0.48840409E-02   0.26335441E-02   0.67521521E-03   0.41642088E-01  -0.19075123E-01  -0.33951995E-01  -0.40534079E-02  -0.19834940E-02  -0.72129679E-03   0.36713986E-02   0.44403971E-02   0.26601258E-02   0.22141148E-02   0.13928400E-02   0.60503716E-03
  0.36310271       0.37381002       0.35423341       0.32007070       0.27440617       0.23362264       0.21280772       0.16465930       0.10705699       0.56794310E-01   0.20163910E-01   0.12107488E-01  -0.45399738E-02   0.65757824E-03   0.63346955E-02   0.65968825E-02   0.63087034E-02   0.53881401E-02   0.44050864E-02   0.33882159E-02   0.23224417E-02   0.11961646E-02   0.44888501E-03   0.37307261E-03  -0.93282318E-02   0.68218170E-03  -0.35005310E-02  -0.40049148E-02   0.76387158E-03   0.29966870E-02   0.36749163E-02   0.28293669E-02   0.26686872E-02   0.26335441E-02   0.20370253E-02   0.83053169E-03   0.98627246E-02   0.19680560E-01  -0.20618588E-01  -0.30681812E-02  -0.13521644E-02  -0.14445830E-02   0.14801623E-02   0.18223128E-02   0.85766075E-03   0.71491998E-03   0.42442013E-03   0.30399494E-03
  0.85514616E-01   0.92369490E-01   0.91056973E-01   0.73062737E-01   0.62921347E-01   0.62026346E-01   0.67511686E-01   0.69473094E-01   0.58941168E-01   0.43355473E-01   0.19944223E-01   0.44489070E-02  -0.81976712E-02   0.17410662E-02   0.28818635E-02   0.13479127E-02   0.10317792E-02   0.74247899E-03   0.71694534E-03   0.72206265E-03   0.52588112E-03   0.36323536E-03   0.21283718E-03   0.14979857E-03  -0.13436633E-01   0.22407916E-01   0.45195533E-02   0.30669212E-04   0.19323979E-03   0.78843757E-04   0.91425035E-03   0.47385033E-03   0.48815511E-03   0.67521521E-03   0.83053169E-03   0.77899746E-03   0.12068919E-01   0.29272811E-01  -0.25105995E-02   0.35529551E-03  -0.12525347E-02  -0.94734563E-03   0.49621206E-03   0.41064890E-03   0.35436352E-05  -0.13910132E-03  -0.13172597E-03   0.83238561E-05
   19.981074        26.687750        22.319736        10.066230        8.4272771       -1.1751220       -4.1361428      -0.42105967        1.8949172        2.0691144        2.6321770       0.65477582        35.429383       0.98251576        1.5410591        1.0770189       0.71244014       0.55708755       0.28951325       0.12269958       0.21407202E-01   0.37071339E-02   0.35795153E-02   0.62166049E-02    175.27106        8.1800704        2.5692143      -0.52005417       0.39766049       0.55299948       0.31814914       0.18963077       0.13743729       0.41642088E-01   0.98627246E-02   0.12068919E-01    327.82433        5.8167531       0.33001601       0.20259562      -0.19427655       0.30325784       0.33637279       0.18870855       0.14580701       0.23884562E-01  -0.23712503E-01  -0.20884064E-01
  -7.0893151       -3.2918515       -4.2318419       -3.4507171       -3.1255192       -1.3154520       0.26358468        2.0016138        2.0931099        1.7788127       0.73354703      -0.19099202        1.9739840        2.9243624       0.46072804       0.55145690E-01  -0.98006141E-01  -0.53004727E-01  -0.35084760E-01  -0.96976476E-02  -0.47826865E-02   0.66750731E-02   0.53105534E-02   0.46416881E-02    4.4973973        20.025810        2.2345610       0.16931251      -0.24901715E-02  -0.73688936E-01  -0.73646061E-01  -0.94947847E-01  -0.43746761E-01  -0.19075123E-01   0.19680560E-01   0.29272811E-01    5.8167531        40.684332        2.0558252       0.87765761      -0.49146408E-01  -0.10417232      -0.38662745E-01  -0.47862031E-01  -0.35501467E-01  -0.27038329E-01  -0.14380299E-01   0.63976007E-03
   1.4480477       -3.1362731       -4.0996654       -5.0282138       -4.7551297       -3.9868692       -3.7106657       -2.6653732       -1.5810740      -0.75320548      -0.26037924      -0.25546609       0.55113114       0.57523427       0.93842334       0.12150365       0.22799230E-02  -0.44577000E-01  -0.72363245E-01  -0.67916751E-01  -0.58906972E-01  -0.31422221E-01  -0.13482589E-01  -0.87725537E-02   -1.1641189        1.3548174        3.5128611       0.48271763       0.19685632       0.76502433E-01  -0.40185626E-01  -0.34197568E-01  -0.32023280E-01  -0.33951995E-01  -0.20618588E-01  -0.25105995E-02   0.33001601        2.0558252        7.4454382       0.52127965       0.21659524       0.17488702      -0.48437229E-02  -0.12785088E-01  -0.13314832E-01  -0.57516461E-02  -0.10005780E-01  -0.58694306E-02
   3.0702466        1.1826538       0.12846597      -0.95445582E-02  -0.20033743      -0.20515971      -0.14696868       0.53351584E-01   0.17206627E-01  -0.62753909E-01   0.54774068E-01   0.47392112E-01   0.64327314       0.30113480       0.32853134       0.14206094       0.60264090E-01   0.15513496E-01  -0.47361183E-02  -0.62565208E-02  -0.55570450E-02  -0.49199096E-02  -0.14882274E-02   0.36467653E-03   0.53252585       0.84200535       0.59851298       0.55070416       0.11412477       0.43046426E-01   0.97693579E-02  -0.12463753E-01  -0.86584698E-02  -0.40534079E-02  -0.30681812E-02   0.35529551E-03   0.20259562       0.87765761       0.52127965        1.1722571       0.10691074       0.62223390E-01   0.21750450E-01   0.10684668E-01  -0.27897176E-02  -0.11300545E-02   0.26212531E-02  -0.13525269E-03
   1.3358554       0.65197407       0.14248913      -0.24615736      -0.17811774      -0.18043555      -0.21536837      -0.25662207      -0.16202946      -0.12834583      -0.61326013E-01   0.65392189E-02   0.14541617       0.84190823E-01   0.92871143E-01   0.40534199E-01   0.23213641E-01   0.51370012E-02  -0.11263033E-02  -0.51699326E-02  -0.60831672E-02  -0.43996703E-02  -0.22376567E-02  -0.45736658E-03  -0.29644579E-01  -0.70570363E-01   0.16847920       0.11816557       0.88865388E-01   0.18955928E-01   0.20221532E-02  -0.15129157E-02  -0.24206082E-02  -0.19834940E-02  -0.13521644E-02  -0.12525347E-02  -0.19427655      -0.49146408E-01   0.21659524       0.10691074       0.21903797       0.35397561E-01   0.62272070E-02   0.97309188E-03  -0.41829121E-03  -0.52984257E-03  -0.51105332E-03  -0.16473240E-03
   1.1683091       0.73337537       0.38238829       0.15267725      -0.10929353E-01  -0.11287713      -0.19414126      -0.19065382      -0.14625941      -0.10391462      -0.21986219E-01   0.15249280E-01   0.19052860       0.60465179E-01   0.76809370E-01   0.30961141E-01   0.19721526E-01   0.85048211E-02   0.13293104E-02  -0.17261698E-02  -0.30558640E-02  -0.18927534E-02  -0.86442116E-03  -0.32911118E-03   0.11572210       0.60933247E-02   0.14156231       0.48435551E-01   0.41485328E-01   0.25603247E-01   0.71714458E-02   0.35741420E-02   0.10552503E-02  -0.72129679E-03  -0.14445830E-02  -0.94734563E-03   0.30325784      -0.10417232       0.17488702       0.62223390E-01   0.35397561E-01   0.46321451E-01   0.75617599E-02   0.43277312E-02   0.25378587E-02   0.13460107E-02   0.39032710E-03  -0.45015785E-03
   1.6767951        1.4619956        1.2013850       0.92195780       0.68894907       0.44374332       0.31995265       0.22215899       0.14349123       0.68423340E-01   0.42404280E-01   0.22476553E-01   0.98947063E-01   0.22919776E-01   0.46602960E-01   0.34371266E-01   0.28732029E-01   0.18430932E-01   0.12067424E-01   0.78958303E-02   0.47281867E-02   0.23979701E-02   0.10780721E-02   0.57205155E-03   0.17387198      -0.15151265E-01   0.19760221E-01   0.35855239E-02   0.19139540E-01   0.19671275E-01   0.16346848E-01   0.10531869E-01   0.66411170E-02   0.36713986E-02   0.14801623E-02   0.49621206E-03   0.33637279      -0.38662745E-01  -0.48437229E-02   0.21750450E-01   0.62272070E-02   0.75617599E-02   0.13487705E-01   0.91583508E-02   0.50202493E-02   0.26285241E-02   0.93276331E-03   0.38201130E-03
   1.7574059        1.5248572        1.2954891        1.0479304       0.83069965       0.56474820       0.38173173       0.24922690       0.14661001       0.67091963E-01   0.41765789E-01   0.24150125E-01   0.37241939E-01   0.10836098E-01   0.47415248E-01   0.34683283E-01   0.29138621E-01   0.20934591E-01   0.13480036E-01   0.85064574E-02   0.51991685E-02   0.26571001E-02   0.11628514E-02   0.68592320E-03   0.42309950E-01  -0.44438894E-01   0.13626830E-01  -0.51856369E-02   0.12853599E-01   0.18768271E-01   0.17846519E-01   0.12452691E-01   0.77626701E-02   0.44403971E-02   0.18223128E-02   0.41064890E-03   0.18870855      -0.47862031E-01  -0.12785088E-01   0.10684668E-01   0.97309188E-03   0.43277312E-02   0.91583508E-02   0.11136625E-01   0.61065101E-02   0.34543500E-02   0.14095931E-02   0.61088132E-03
   1.0614217       0.92384149       0.78668995       0.64361555       0.51519968       0.34344012       0.21056083       0.10648324       0.57124401E-01   0.23198009E-01   0.14843287E-01   0.72735367E-02   0.36817380E-01   0.16967189E-02   0.23946281E-01   0.21154410E-01   0.17726190E-01   0.13353154E-01   0.87458363E-02   0.50792093E-02   0.28435824E-02   0.14567369E-02   0.60149459E-03   0.29204821E-03   0.72800163E-01  -0.49933483E-01  -0.30510242E-02  -0.69472184E-02   0.66034649E-02   0.10437366E-01   0.10338891E-01   0.86207256E-02   0.52644523E-02   0.26601258E-02   0.85766075E-03   0.35436352E-05   0.14580701      -0.35501467E-01  -0.13314832E-01  -0.27897176E-02  -0.41829121E-03   0.25378587E-02   0.50202493E-02   0.61065101E-02   0.47225252E-02   0.25239969E-02   0.98402730E-03   0.36896475E-03
  0.61790699       0.55343178       0.48632768       0.41939721       0.34015914       0.24606784       0.17365087       0.93404613E-01   0.33419235E-01   0.10295078E-02   0.43595765E-03   0.31521858E-02   0.31455887E-01   0.23857594E-02   0.11121379E-01   0.11920473E-01   0.10546182E-01   0.81824000E-02   0.57112708E-02   0.35777528E-02   0.21194249E-02   0.88646594E-03   0.31263960E-03   0.15756674E-03  -0.42376622E-02  -0.42579171E-01  -0.58887737E-02  -0.53627245E-02   0.36382061E-02   0.61679345E-02   0.56093724E-02   0.47880016E-02   0.35697164E-02   0.22141148E-02   0.71491998E-03  -0.13910132E-03   0.23884562E-01  -0.27038329E-01  -0.57516461E-02  -0.11300545E-02  -0.52984257E-03   0.13460107E-02   0.26285241E-02   0.34543500E-02   0.25239969E-02   0.21321397E-02   0.11635460E-02   0.43417038E-03
  0.25330345       0.23751262       0.22201307       0.20585713       0.17492213       0.14246321       0.11715650       0.73583117E-01   0.28197765E-01  -0.15131560E-02  -0.55065079E-03   0.22092512E-02   0.20952469E-01   0.72764035E-03   0.36939233E-02   0.53476209E-02   0.48830003E-02   0.38175603E-02   0.28739489E-02   0.20412756E-02   0.13867305E-02   0.53599559E-03   0.21501039E-03   0.13623078E-03  -0.57648811E-02  -0.23254224E-01  -0.64691080E-02  -0.17623997E-02   0.12593545E-02   0.24676755E-02   0.21632126E-02   0.17355333E-02   0.16567720E-02   0.13928400E-02   0.42442013E-03  -0.13172597E-03  -0.23712503E-01  -0.14380299E-01  -0.10005780E-01   0.26212531E-02  -0.51105332E-03   0.39032710E-03   0.93276331E-03   0.14095931E-02   0.98402730E-03   0.11635460E-02   0.11606906E-02   0.47807212E-03
  0.12228349       0.11527031       0.10887777       0.96899439E-01   0.85915366E-01   0.75101448E-01   0.70348222E-01   0.52404127E-01   0.31670055E-01   0.14875493E-01   0.24624821E-02  -0.35842923E-03   0.47837325E-02   0.14834642E-02   0.46190599E-03   0.21809060E-02   0.19402837E-02   0.16595035E-02   0.13203675E-02   0.11224628E-02   0.89664740E-03   0.46061620E-03   0.20976451E-03   0.11388007E-03   0.21655666E-02  -0.14140698E-02  -0.52654087E-02  -0.11559649E-02   0.51519442E-04   0.71016684E-03   0.86657429E-03   0.67806731E-03   0.63988072E-03   0.60503716E-03   0.30399494E-03   0.83238561E-05  -0.20884064E-01   0.63976007E-03  -0.58694306E-02  -0.13525269E-03  -0.16473240E-03  -0.45015785E-03   0.38201130E-03   0.61088132E-03   0.36896475E-03   0.43417038E-03   0.47807212E-03   0.46385738E-03
